FireInput/elevation.asc
ncols        299
nrows        265
xllcorner    460156.000000000000
yllcorner    4612006.000000000000
cellsize     30.000000000000
NODATA_value  -9999
[rows 41 to 81 of 265, columns 188 to 281 of 299]
596 616 634 618 627 631 636 642 653 672 682 692 705 720 728 747 758 757 768 787 806 816 830 845 845 841 842 834 832 822 804 779 780 770 761 775 792 810 826 838 847 863 885 903 919 919 938 954 967 981 994 1008 1016 1024 1038 1048 1048 1048 1035 1027 1016 996 986 976 963 950 933 933 921 906 891 879 862 844 826 812 799 792 794 799 785 778 796 789 784 777 757 742 742 702 686 674 661 658
572 586 603 604 614 624 634 640 653 670 669 676 692 710 726 743 752 757 755 773 793 794 808 820 833 827 835 837 841 828 816 798 800 787 780 775 793 804 821 812 827 842 857 878 907 924 938 950 963 977 994 1006 1016 1024 1040 1053 1054 1042 1032 1020 1008 991 979 971 954 954 945 932 919 905 892 879 861 842 826 814 801 804 807 812 803 798 802 795 789 783 757 742 725 702 678 666 659 676
575 577 591 597 612 623 631 640 650 662 657 671 671 689 698 715 729 741 756 772 786 784 796 811 819 821 835 842 849 842 825 813 821 821 810 799 807 801 801 811 832 848 859 891 912 926 940 953 967 981 997 1005 1014 1023 1033 1033 1046 1042 1038 1029 1010 991 968 950 938 941 937 927 915 902 893 880 861 843 827 814 814 808 818 823 818 810 794 788 781 769 740 725 703 687 673 672 675 690
592 579 585 598 610 620 620 628 637 644 650 652 666 680 687 706 725 740 746 759 770 777 787 798 810 826 841 841 846 851 850 840 846 839 831 820 830 815 806 816 835 855 872 904 918 929 940 960 973 973 983 992 1002 1010 1015 1028 1039 1034 1028 1020 1005 987 961 937 938 926 924 922 907 898 898 891 876 859 842 827 814 817 826 821 811 803 794 775 763 752 724 702 688 679 686 689 689 702
622 615 599 589 597 604 613 629 635 641 645 650 659 671 684 702 721 733 730 744 760 760 769 787 798 816 831 844 847 855 866 856 856 848 844 839 844 838 819 816 838 860 883 890 908 921 932 945 957 970 973 983 994 1005 1016 1028 1035 1019 1008 999 992 966 949 933 933 921 915 912 897 894 892 886 869 854 839 824 814 830 831 819 804 792 785 757 746 737 719 700 688 682 699 700 702 712
634 625 611 594 606 614 620 646 649 651 654 668 664 668 679 679 692 709 710 725 741 757 777 791 804 812 824 836 847 853 872 866 872 859 850 847 849 849 846 834 830 842 860 892 908 920 932 940 951 964 969 981 994 1006 1024 1029 1029 1019 1011 996 983 959 947 940 930 917 910 902 885 881 881 878 860 848 837 824 832 838 832 831 816 799 783 760 747 730 700 691 690 696 709 710 711 712
639 629 618 601 620 627 638 664 668 668 673 693 691 684 675 688 689 700 707 724 743 760 775 791 803 808 818 833 845 857 876 876 880 883 867 854 856 853 850 844 840 844 864 895 908 918 929 937 947 959 969 989 989 1002 1026 1031 1029 1023 1002 987 972 948 939 931 924 911 904 895 885 873 872 870 850 850 841 833 845 847 841 821 808 794 776 753 737 718 700 698 703 706 719 719 720 720
641 630 620 620 628 634 645 670 679 686 691 705 705 702 696 710 703 702 708 719 739 756 766 784 797 795 809 820 835 847 863 882 890 896 882 864 870 862 854 848 846 847 866 896 908 917 917 925 934 944 958 976 994 1012 1030 1038 1027 1015 993 975 963 945 935 926 918 906 899 899 891 876 867 864 850 842 838 837 857 846 834 808 799 787 768 746 729 710 696 710 713 713 727 728 729 730
652 644 629 624 640 645 658 670 687 695 702 715 718 721 716 732 726 718 728 728 722 731 738 758 779 795 812 829 842 851 870 886 901 907 894 879 877 870 860 852 859 852 851 869 893 904 914 917 931 944 961 981 1002 1018 1037 1039 1025 1009 992 977 962 962 947 934 926 916 904 896 888 873 863 855 847 848 853 858 849 832 818 808 792 780 762 753 736 718 705 718 722 726 739 738 738 738
653 642 627 635 644 651 663 676 691 702 710 728 728 737 739 751 748 747 753 746 733 730 740 754 775 796 806 827 843 852 871 886 906 915 915 906 905 889 879 868 863 857 854 869 888 900 908 917 931 948 966 989 1008 1023 1043 1043 1040 1028 1012 997 985 969 951 937 928 913 902 894 884 869 860 851 861 866 872 864 835 835 819 808 792 785 772 742 727 711 712 732 736 737 752 750 746 745
653 641 629 640 653 659 659 669 686 697 710 732 739 750 754 763 760 763 753 753 750 744 749 754 767 784 802 820 820 833 847 872 887 906 921 920 905 910 892 876 869 861 858 866 884 899 908 930 939 939 955 982 999 1016 1034 1048 1042 1025 1008 997 986 967 953 937 925 912 900 891 881 865 857 857 854 879 879 872 850 830 815 801 782 774 758 733 720 719 726 746 749 752 752 757 757 753
669 657 641 634 658 664 669 677 706 716 726 732 749 759 764 776 775 773 761 767 774 757 771 757 758 769 788 800 819 833 849 872 887 904 921 932 924 925 907 886 877 866 862 862 872 891 906 921 945 952 965 994 1010 1028 1041 1060 1043 1023 1005 994 982 964 947 933 922 922 911 898 887 873 868 870 876 895 884 870 853 832 817 799 781 767 752 733 728 734 734 753 758 762 763 763 759 756
677 662 640 642 671 681 686 693 727 738 743 745 759 765 773 785 785 786 782 781 785 788 792 778 769 780 805 810 822 832 845 864 884 898 917 934 939 946 939 918 904 886 872 867 879 901 923 937 955 966 980 1007 1021 1036 1045 1067 1045 1022 1000 1000 988 974 957 943 930 921 910 895 883 888 891 899 904 898 885 871 847 831 820 801 791 773 759 742 738 743 748 768 772 773 768 764 759 756
683 669 646 648 671 691 701 714 740 752 752 758 772 774 772 785 791 794 791 796 798 796 792 795 783 790 812 819 824 831 850 850 862 882 898 916 934 953 945 928 904 891 878 876 889 910 932 945 964 977 992 1017 1030 1030 1042 1063 1062 1045 1024 1001 983 968 958 944 931 921 909 894 886 915 921 920 911 893 893 879 864 833 822 809 777 758 746 736 753 757 762 782 783 777 768 764 761 757
690 678 655 651 651 669 692 710 727 741 755 766 786 789 785 794 796 799 799 807 809 809 806 813 800 800 806 814 823 830 841 857 870 891 908 928 945 960 950 933 911 897 886 886 898 915 934 934 953 970 986 1012 1023 1036 1047 1064 1055 1041 1024 1002 985 971 956 945 931 921 909 904 904 929 935 935 925 903 889 871 850 832 811 795 762 746 743 749 768 774 778 791 786 786 774 767 765 762
717 704 686 667 653 662 686 711 717 734 751 770 790 803 801 794 805 805 805 815 820 823 824 833 826 818 821 818 826 834 843 861 877 891 922 940 956 973 955 938 938 919 905 903 912 906 917 933 958 976 995 1012 1028 1041 1052 1057 1048 1035 1019 998 984 966 960 952 942 929 919 919 924 929 945 936 920 897 886 869 853 829 806 784 751 747 755 755 778 783 787 790 795 784 773 771 767 765
722 711 696 681 663 666 675 702 717 734 750 769 797 797 814 814 828 819 815 834 840 842 839 848 840 829 821 825 832 837 849 866 883 901 910 932 951 975 980 959 940 925 918 916 912 913 922 938 960 979 998 1013 1029 1043 1052 1054 1054 1045 1029 1003 989 975 957 949 936 925 927 931 936 945 945 931 912 889 880 868 849 833 816 792 758 753 762 772 798 801 800 802 791 782 776 777 771 768
730 716 703 695 682 677 672 672 694 712 733 751 772 799 818 829 847 840 832 855 860 860 856 864 854 843 830 843 843 851 869 860 871 889 911 937 957 987 984 961 943 933 933 932 923 921 926 942 963 981 981 1000 1016 1032 1044 1058 1056 1043 1023 997 982 966 957 953 939 929 935 938 947 954 937 937 921 902 883 867 852 818 802 780 758 775 784 792 815 816 811 801 789 785 782 782 776 776
735 735 724 715 707 707 692 675 686 715 734 754 775 799 817 839 859 859 853 855 876 878 878 893 884 869 854 862 866 872 890 877 877 892 923 945 964 987 985 963 945 943 945 943 943 945 931 933 952 966 985 1004 1025 1039 1048 1058 1059 1042 1019 1006 986 968 960 965 959 959 957 947 948 954 943 928 915 902 878 857 838 810 791 771 765 798 807 814 819 816 805 805 795 791 788 785 783 777
755 741 733 725 719 717 702 685 688 720 740 758 783 796 818 841 846 866 871 865 885 890 895 907 904 889 873 883 889 895 909 893 894 908 943 958 977 997 1004 984 961 957 961 959 956 956 939 939 961 974 991 1009 1028 1043 1054 1064 1056 1044 1024 1032 1020 1004 983 989 977 966 968 961 957 955 934 920 909 896 872 850 832 805 789 777 787 807 817 822 821 816 808 800 796 793 790 786 782 774
761 747 741 735 728 726 710 693 695 725 725 747 763 777 794 816 850 870 878 877 902 903 906 921 920 910 894 905 914 914 909 912 912 907 945 963 976 991 1008 984 962 977 980 977 969 964 948 947 961 980 995 1012 1029 1029 1044 1054 1052 1046 1040 1031 1028 1019 1005 1002 990 980 968 966 960 950 926 913 901 889 860 860 842 823 805 793 797 824 826 824 821 813 806 800 796 793 789 786 780 773
770 754 748 742 742 742 733 716 701 711 732 749 760 776 793 821 854 872 883 890 915 918 918 943 941 927 927 939 935 937 936 944 928 925 966 980 994 1009 1010 986 974 993 997 992 980 967 953 953 957 972 982 997 1014 1028 1042 1049 1042 1034 1032 1024 1024 1021 1012 1003 994 983 973 962 962 953 928 919 906 893 871 852 838 827 808 807 816 832 830 825 819 813 809 804 795 791 791 788 782 779
796 785 772 754 747 742 738 720 704 726 742 755 765 782 794 829 856 873 885 898 903 923 933 936 961 964 955 971 964 962 955 961 945 944 977 994 1010 1021 1018 995 991 991 1008 1010 1003 986 968 961 965 979 985 999 1020 1030 1040 1045 1035 1025 1023 1024 1012 1009 1009 999 995 986 976 963 955 943 920 911 897 882 876 865 849 827 819 822 830 835 830 825 825 821 816 811 804 796 791 787 782 779
807 795 776 759 752 748 742 722 712 737 753 767 778 801 801 809 835 855 874 891 907 922 936 947 968 978 977 992 990 983 976 982 967 962 977 985 1004 1024 1043 1028 1010 1005 1022 1019 1006 989 977 970 974 989 998 1008 1020 1036 1041 1041 1036 1030 1020 1014 1003 1002 1000 988 984 975 969 955 947 933 920 902 889 883 891 874 853 829 833 829 833 840 837 830 826 826 820 816 804 797 792 787 784 781
808 796 779 764 756 751 746 724 724 737 750 762 775 800 822 830 839 861 876 895 911 922 936 948 971 987 992 1009 1012 1012 1012 1025 1004 983 972 997 1018 1037 1052 1039 1027 1025 1034 1022 1006 1003 992 983 982 1006 1006 1020 1026 1045 1044 1041 1027 1023 1016 1008 994 993 991 978 972 966 961 945 936 926 914 901 901 903 910 896 875 849 838 838 839 843 839 832 829 829 823 814 803 798 793 788 784 784
804 804 790 779 769 761 759 749 730 737 757 773 785 809 827 844 854 871 879 897 921 932 942 942 961 977 997 1006 1025 1027 1029 1038 1023 998 989 1013 1032 1049 1066 1054 1046 1041 1045 1030 1030 1015 1014 1004 993 1008 1024 1035 1042 1055 1047 1034 1020 1015 1010 1001 987 985 982 978 962 956 956 942 936 928 918 918 916 914 907 890 864 844 842 844 845 843 841 835 831 826 820 820 812 807 801 795 791 785
807 800 788 780 772 765 761 752 736 745 760 779 789 808 828 846 861 860 876 895 906 924 938 950 965 984 1004 1021 1040 1039 1041 1047 1037 1019 1005 1032 1049 1062 1077 1081 1075 1063 1068 1056 1039 1023 1018 1010 1005 1031 1043 1051 1057 1052 1038 1026 1013 1007 1000 994 987 983 979 974 963 957 949 946 938 931 924 929 923 917 899 880 857 845 848 849 847 847 844 840 836 832 826 820 814 812 804 796 796 791
804 796 788 780 774 768 763 753 743 746 762 762 774 784 801 823 844 856 871 889 906 918 933 945 967 988 1012 1032 1051 1051 1051 1060 1060 1049 1037 1045 1052 1066 1077 1095 1092 1082 1081 1063 1050 1028 1024 1019 1020 1050 1055 1061 1060 1042 1042 1029 1019 1013 1001 994 990 982 974 969 968 961 954 959 952 943 935 928 920 912 899 888 870 857 855 854 852 848 843 840 838 834 828 823 818 813 806 800 796 797
802 795 788 780 775 775 772 765 757 761 777 772 773 784 795 816 841 850 866 881 898 918 931 948 978 1000 1000 1022 1050 1060 1064 1066 1082 1066 1052 1066 1069 1081 1090 1110 1106 1094 1091 1075 1057 1038 1038 1034 1034 1043 1062 1064 1062 1051 1038 1030 1024 1022 1008 999 1000 993 986 976 979 973 965 961 954 954 943 930 921 913 903 879 868 860 862 860 855 849 846 844 841 833 828 823 820 813 813 808 804 803
810 802 793 787 780 776 773 768 769 777 790 790 787 786 802 815 834 854 868 884 884 910 928 943 972 989 1007 1026 1054 1070 1081 1085 1104 1094 1077 1087 1087 1093 1103 1123 1115 1103 1111 1099 1085 1069 1065 1057 1056 1059 1074 1070 1059 1059 1055 1047 1034 1028 1016 1007 1004 1002 994 994 989 983 979 972 958 946 936 921 911 902 892 874 868 863 868 868 859 851 846 843 843 839 831 827 823 819 815 810 807 806
812 803 793 788 781 777 773 777 787 790 808 809 807 803 827 823 823 846 859 875 892 920 939 954 972 993 1010 1032 1060 1085 1101 1105 1124 1112 1098 1102 1102 1096 1102 1123 1126 1122 1111 1106 1093 1078 1080 1073 1072 1073 1079 1072 1064 1063 1056 1048 1035 1024 1017 1012 1008 1000 998 994 985 980 976 968 948 936 929 909 900 891 882 873 866 866 866 869 868 857 845 841 838 835 828 826 823 820 816 812 809 808
811 804 795 794 782 778 773 791 791 803 831 834 833 832 851 849 842 856 862 881 899 923 942 960 979 996 1013 1034 1072 1072 1103 1119 1136 1136 1126 1128 1118 1113 1114 1124 1124 1122 1115 1113 1104 1091 1093 1089 1087 1084 1075 1075 1070 1059 1054 1048 1036 1016 1008 1003 1002 995 993 990 978 971 966 958 935 929 919 899 899 890 885 880 875 870 869 870 867 853 841 838 834 830 829 827 823 820 818 815 812 813
811 805 805 807 800 788 778 784 803 819 851 854 852 850 866 864 860 856 866 883 901 921 942 942 963 981 1000 1022 1045 1078 1104 1125 1141 1147 1138 1128 1133 1125 1124 1118 1117 1118 1116 1113 1112 1112 1099 1094 1090 1090 1074 1067 1063 1059 1041 1033 1024 1008 999 997 996 990 988 984 966 959 959 954 934 928 918 908 896 890 885 879 876 872 871 868 860 848 841 838 833 830 831 829 829 824 822 820 816 817
817 813 810 811 805 799 788 794 809 833 859 871 871 868 880 876 873 873 882 876 884 908 921 935 958 978 999 1024 1040 1071 1098 1120 1139 1152 1149 1142 1140 1130 1122 1113 1107 1108 1111 1103 1104 1102 1093 1089 1085 1082 1060 1054 1051 1045 1031 1026 1016 999 991 990 990 983 983 980 962 956 950 942 928 921 912 903 897 891 885 879 875 872 870 862 853 845 845 840 837 835 835 831 829 825 823 819 817 820
823 816 814 816 814 809 799 799 813 839 859 860 878 884 899 898 896 890 897 887 896 923 932 939 956 981 998 1019 1040 1068 1095 1116 1133 1133 1149 1147 1143 1139 1128 1108 1098 1098 1100 1094 1095 1094 1093 1084 1078 1071 1047 1042 1038 1034 1027 1025 1016 996 986 984 983 976 975 970 962 947 940 934 924 919 911 902 897 891 885 879 879 875 871 865 860 853 845 840 838 836 836 833 830 827 824 819 819 826
830 822 818 816 824 824 818 818 805 814 839 861 879 895 914 917 914 909 914 900 911 923 950 959 966 995 1007 1007 1022 1058 1073 1094 1106 1121 1134 1138 1133 1130 1121 1108 1098 1095 1094 1091 1092 1091 1088 1080 1080 1073 1055 1041 1031 1027 1014 1009 1003 996 978 976 977 968 966 960 953 941 935 930 923 918 918 910 903 897 891 884 879 874 869 863 860 853 844 840 839 838 839 835 832 829 827 827 824 824
850 840 830 827 838 836 830 827 813 819 841 865 879 902 925 938 937 928 929 920 930 930 965 980 986 1006 1012 1026 1040 1063 1074 1087 1093 1112 1124 1132 1134 1125 1113 1105 1097 1094 1094 1088 1088 1089 1089 1083 1076 1068 1050 1034 1021 1014 998 995 991 985 974 970 969 961 957 957 952 942 937 932 928 926 920 911 902 896 890 884 878 874 867 867 865 855 844 850 846 846 844 841 838 835 834 831 829 828
857 849 841 836 844 843 838 836 824 827 849 874 891 907 925 932 951 955 962 944 937 950 985 998 1004 1017 1027 1039 1052 1061 1069 1079 1093 1107 1117 1128 1127 1129 1112 1106 1099 1095 1091 1085 1085 1087 1087 1077 1070 1062 1050 1028 1014 1002 995 989 984 984 975 971 965 963 958 952 947 939 936 932 928 929 922 912 902 896 890 884 880 876 871 884 883 877 865 874 867 855 844 845 840 837 838 836 833 832
863 856 847 843 852 849 845 848 835 835 840 865 879 900 914 942 958 966 980 960 950 967 991 1003 1010 1024 1032 1043 1053 1059 1059 1066 1073 1083 1096 1110 1124 1119 1105 1101 1094 1090 1087 1083 1082 1082 1081 1069 1062 1055 1042 1035 1022 1010 1000 996 990 984 981 973 967 967 959 951 945 944 940 936 934 938 926 915 905 905 897 889 890 888 886 896 893 889 880 883 873 861 850 847 842 839 842 844 843 844
874 866 854 854 865 862 859 855 860 848 846 871 885 905 923 949 967 977 994 983 969 976 995 1005 1005 1014 1027 1033 1042 1050 1058 1065 1072 1082 1094 1109 1123 1113 1102 1096 1090 1086 1084 1083 1078 1078 1076 1067 1060 1054 1047 1030 1020 1009 1004 1000 996 990 988 980 973 967 962 955 949 954 950 950 945 946 939 928 920 911 903 894 904 901 899 896 900 899 891 885 874 862 853 850 850 845 856 858 859 860
880 889 879 866 883 880 874 868 873 863 855 881 897 914 929 953 971 985 985 1003 993 982 992 998 1008 1018 1027 1033 1041 1048 1059 1067 1073 1083 1096 1111 1123 1108 1100 1100 1093 1087 1084 1082 1078 1075 1072 1061 1052 1047 1040 1029 1017 1009 1004 1006 1002 996 993 985 977 977 974 967 963 972 968 962 953 947 940 930 929 919 912 909 924 917 910 902 907 909 909 904 889 876 865 859 858 857 873 871 872 874
