FireInput/elevation.asc
ncols        299
nrows        265
xllcorner    460156.000000000000
yllcorner    4612006.000000000000
cellsize     30.000000000000
NODATA_value  -9999
[rows 82 to 122 of 265, columns 188 to 281 of 299]
891 900 891 880 901 898 891 882 886 876 867 893 893 909 926 951 964 982 995 1019 1010 996 1004 1004 1011 1021 1028 1032 1038 1051 1063 1069 1075 1077 1084 1098 1115 1118 1106 1098 1092 1087 1083 1080 1076 1074 1068 1060 1050 1044 1037 1025 1018 1013 1008 1015 1012 1007 1004 996 988 981 976 972 972 979 975 966 955 951 942 935 929 926 925 923 938 937 926 918 915 911 914 900 888 879 868 872 872 872 873 886 885 890
902 908 899 895 915 912 912 904 909 897 887 878 903 922 938 966 984 997 1013 1029 1023 1013 1019 1013 1015 1022 1028 1028 1032 1038 1054 1065 1072 1082 1089 1102 1122 1115 1104 1097 1092 1087 1083 1077 1073 1071 1066 1060 1052 1052 1044 1038 1029 1024 1019 1023 1017 1011 1006 998 991 983 980 979 980 979 976 968 959 955 955 945 938 940 938 940 951 942 929 921 918 914 909 900 899 889 877 885 882 883 884 897 900 900
916 924 916 903 919 925 923 918 922 912 900 894 910 927 948 979 995 1012 1026 1036 1034 1034 1036 1028 1021 1020 1025 1030 1034 1041 1057 1067 1075 1086 1097 1108 1122 1111 1104 1098 1093 1087 1081 1081 1074 1070 1069 1065 1060 1051 1044 1039 1033 1029 1027 1025 1019 1014 1006 999 992 986 987 988 988 986 987 978 971 967 960 951 944 952 950 953 946 939 929 923 923 918 911 904 908 908 901 899 894 893 894 904 903 900
930 940 929 916 919 933 932 928 932 931 929 914 924 937 958 963 983 1003 1022 1036 1043 1043 1036 1036 1028 1023 1029 1032 1037 1046 1060 1070 1078 1093 1109 1117 1118 1117 1108 1104 1099 1093 1086 1079 1071 1069 1065 1064 1054 1048 1044 1039 1035 1030 1028 1022 1017 1013 1013 1003 998 993 990 994 996 993 992 984 974 971 965 958 954 955 953 951 946 938 933 933 941 935 927 917 918 912 907 906 903 903 906 902 898 891
947 954 938 928 930 943 939 934 939 939 945 950 958 939 946 972 985 1005 1023 1041 1049 1051 1044 1043 1037 1029 1037 1036 1042 1050 1069 1069 1079 1100 1103 1116 1124 1120 1108 1103 1099 1091 1085 1077 1073 1069 1062 1059 1050 1045 1041 1036 1036 1034 1029 1022 1017 1013 1009 1004 999 994 998 1000 1002 999 997 989 977 973 968 963 958 960 955 951 948 949 945 944 945 942 936 930 930 917 911 911 907 906 905 897 892 886
963 968 952 952 944 961 958 952 960 952 961 966 974 959 961 972 992 1004 1023 1048 1059 1059 1052 1050 1050 1046 1054 1051 1047 1048 1064 1077 1091 1100 1116 1124 1126 1118 1108 1102 1097 1094 1089 1081 1080 1071 1071 1061 1056 1050 1041 1036 1037 1034 1028 1024 1016 1010 1008 1010 1007 1001 1005 1005 1004 1002 998 998 990 979 975 969 964 961 956 952 951 953 951 948 946 944 942 940 931 919 914 911 909 909 905 898 893 888
982 983 975 967 962 978 976 971 960 973 979 978 985 980 980 984 1003 1014 1014 1039 1054 1070 1068 1067 1059 1057 1054 1066 1062 1059 1073 1088 1102 1111 1128 1130 1127 1115 1107 1102 1102 1112 1104 1095 1089 1083 1075 1062 1058 1050 1041 1037 1042 1038 1031 1028 1020 1013 1011 1017 1015 1015 1009 1010 1008 1005 1002 996 988 981 977 972 965 963 959 956 954 955 953 950 946 941 942 942 931 927 920 916 916 908 902 895 889 882
989 991 985 979 978 991 992 989 982 992 992 991 1003 998 995 999 1012 1018 1029 1052 1065 1079 1077 1082 1077 1074 1071 1083 1078 1074 1093 1102 1112 1123 1134 1137 1133 1125 1116 1112 1113 1124 1113 1100 1091 1083 1075 1066 1059 1054 1048 1046 1054 1047 1039 1052 1038 1028 1022 1026 1024 1021 1014 1013 1010 1006 1001 993 986 982 980 976 970 965 960 957 954 946 945 945 942 934 935 935 926 925 922 919 916 907 900 892 886 879
995 991 991 988 989 1009 1009 1009 1007 1016 1008 1008 1019 1012 1010 1013 1031 1039 1045 1052 1082 1092 1091 1101 1095 1091 1087 1097 1097 1096 1110 1110 1113 1121 1147 1146 1135 1125 1122 1123 1128 1126 1116 1104 1092 1083 1075 1067 1071 1071 1064 1062 1072 1066 1061 1052 1047 1037 1031 1034 1029 1026 1019 1014 1010 1005 998 991 986 983 980 980 978 974 965 960 955 939 934 934 934 927 926 926 922 922 922 919 914 905 898 892 890 883
1010 1001 1002 997 996 1020 1025 1027 1024 1036 1028 1025 1037 1028 1024 1028 1059 1070 1069 1068 1103 1110 1110 1119 1112 1108 1104 1108 1109 1110 1122 1124 1125 1136 1154 1151 1139 1128 1131 1133 1135 1124 1116 1116 1103 1092 1085 1079 1091 1084 1078 1076 1082 1076 1069 1061 1054 1045 1038 1034 1030 1026 1020 1011 1007 1007 999 995 990 986 980 977 977 974 964 959 952 939 933 929 927 921 920 920 917 920 920 920 917 913 903 896 888 881
1022 1011 1012 1005 1009 1036 1043 1043 1042 1053 1047 1042 1037 1044 1041 1048 1077 1092 1097 1096 1118 1121 1122 1135 1128 1119 1112 1117 1117 1120 1122 1137 1141 1150 1162 1156 1142 1142 1135 1133 1134 1123 1121 1113 1101 1095 1092 1093 1091 1101 1092 1087 1089 1079 1072 1064 1055 1048 1040 1043 1036 1030 1023 1015 1009 1004 999 992 987 983 978 975 973 970 963 957 949 940 933 927 927 920 916 914 915 912 915 918 915 909 899 893 882 878
1037 1025 1030 1018 1023 1036 1057 1059 1056 1070 1070 1066 1059 1073 1064 1063 1101 1107 1111 1115 1129 1131 1135 1135 1137 1127 1119 1124 1125 1129 1135 1146 1150 1154 1167 1170 1161 1147 1136 1130 1124 1123 1116 1111 1102 1108 1107 1106 1107 1111 1104 1099 1108 1095 1082 1071 1071 1059 1050 1043 1040 1033 1025 1017 1009 1002 997 990 985 981 975 972 970 968 967 964 957 951 943 934 927 917 911 908 908 904 909 912 903 901 894 889 877 874
1050 1041 1041 1031 1031 1038 1067 1075 1076 1091 1087 1082 1078 1088 1083 1087 1112 1117 1120 1124 1139 1142 1144 1144 1140 1140 1130 1133 1134 1135 1140 1153 1157 1162 1165 1170 1162 1149 1136 1127 1121 1119 1113 1109 1107 1110 1110 1112 1113 1110 1114 1114 1115 1106 1092 1080 1083 1070 1061 1048 1043 1037 1028 1020 1012 1001 995 988 988 983 976 971 968 967 966 963 957 951 943 935 925 918 907 903 902 897 899 901 892 892 890 885 874 872
1069 1062 1060 1051 1046 1054 1087 1095 1096 1110 1104 1098 1093 1105 1102 1104 1112 1126 1128 1128 1143 1149 1151 1151 1151 1141 1134 1142 1146 1148 1152 1149 1152 1158 1165 1165 1161 1150 1135 1127 1127 1120 1110 1109 1108 1102 1102 1102 1103 1100 1112 1119 1115 1117 1105 1092 1088 1077 1066 1052 1047 1040 1040 1033 1023 1015 1005 999 989 982 976 966 962 964 961 959 955 951 942 935 928 918 905 905 899 891 889 890 891 885 882 877 870 868
1080 1072 1069 1060 1062 1072 1101 1112 1113 1118 1115 1112 1109 1121 1117 1115 1115 1125 1129 1134 1150 1154 1158 1156 1153 1144 1139 1147 1150 1153 1156 1137 1143 1152 1152 1155 1161 1158 1141 1134 1126 1117 1106 1104 1104 1098 1094 1091 1093 1094 1106 1122 1124 1124 1114 1099 1106 1092 1080 1068 1060 1051 1043 1033 1022 1015 1006 997 988 981 974 962 960 960 954 953 950 950 944 941 935 926 916 904 895 888 885 884 884 875 873 871 864 860
1089 1080 1077 1072 1077 1086 1115 1115 1121 1121 1132 1127 1125 1137 1131 1124 1121 1130 1133 1142 1154 1160 1165 1163 1156 1149 1146 1147 1154 1148 1144 1131 1128 1135 1147 1144 1149 1146 1137 1128 1120 1111 1098 1098 1100 1098 1085 1085 1086 1086 1086 1097 1112 1112 1121 1118 1108 1096 1082 1070 1066 1054 1044 1033 1022 1014 1006 997 987 978 969 968 961 955 947 946 946 946 941 938 932 926 913 902 893 883 880 879 877 864 865 866 856 856
1094 1094 1092 1085 1086 1090 1116 1124 1128 1131 1137 1137 1137 1146 1142 1134 1130 1137 1142 1150 1153 1159 1159 1167 1156 1156 1155 1154 1155 1144 1136 1124 1119 1123 1134 1129 1136 1138 1123 1115 1108 1101 1088 1089 1089 1090 1080 1079 1076 1067 1076 1087 1099 1099 1109 1114 1107 1101 1091 1078 1073 1058 1045 1033 1024 1024 1016 1014 1002 989 978 972 963 955 945 939 939 941 934 933 929 922 908 897 888 877 877 874 871 862 860 859 851 849
1114 1101 1092 1101 1102 1106 1128 1129 1131 1135 1138 1141 1144 1149 1148 1143 1143 1145 1141 1146 1151 1140 1145 1152 1146 1152 1158 1160 1148 1138 1130 1118 1111 1110 1118 1115 1124 1128 1128 1106 1099 1093 1075 1076 1079 1081 1075 1072 1068 1059 1063 1075 1088 1087 1098 1106 1107 1103 1097 1097 1087 1078 1063 1046 1037 1030 1022 1016 1005 993 982 977 967 957 945 935 931 933 923 925 925 922 909 900 888 876 873 869 866 858 856 854 851 843
1124 1113 1105 1120 1120 1125 1132 1128 1130 1135 1130 1135 1142 1147 1151 1151 1149 1139 1136 1137 1136 1126 1130 1137 1133 1141 1145 1147 1136 1132 1127 1118 1114 1105 1099 1091 1100 1109 1110 1091 1086 1079 1064 1068 1072 1074 1066 1062 1059 1059 1055 1063 1076 1064 1076 1086 1098 1099 1103 1098 1089 1080 1065 1048 1044 1036 1026 1016 1003 994 985 977 968 957 957 945 935 928 919 913 912 913 898 891 883 876 867 865 861 853 851 848 846 840
1134 1128 1123 1134 1134 1134 1128 1127 1122 1123 1122 1130 1140 1148 1146 1148 1145 1127 1125 1123 1124 1116 1119 1126 1118 1124 1124 1131 1124 1127 1126 1122 1108 1099 1091 1081 1087 1094 1095 1078 1073 1066 1058 1062 1064 1066 1058 1058 1056 1054 1046 1045 1053 1052 1062 1073 1087 1088 1099 1096 1090 1078 1064 1053 1046 1037 1025 1013 1009 1000 993 981 974 966 956 942 934 927 917 910 903 898 886 885 875 869 861 859 856 848 848 845 843 835
1146 1137 1135 1129 1129 1129 1128 1112 1113 1115 1110 1121 1133 1141 1134 1134 1131 1114 1111 1112 1112 1097 1103 1108 1113 1105 1112 1118 1115 1120 1120 1116 1101 1091 1084 1072 1074 1080 1080 1065 1061 1061 1057 1051 1056 1058 1053 1052 1051 1049 1036 1034 1041 1033 1046 1056 1070 1072 1087 1093 1090 1078 1078 1066 1058 1045 1033 1022 1003 996 989 977 969 961 952 940 932 925 917 905 897 890 881 875 875 868 860 855 855 841 840 839 836 829
1138 1133 1130 1115 1113 1111 1112 1092 1098 1102 1097 1109 1124 1124 1123 1119 1117 1106 1100 1095 1092 1081 1090 1095 1100 1094 1102 1110 1107 1111 1113 1111 1091 1083 1077 1073 1066 1061 1064 1054 1055 1051 1049 1045 1049 1052 1047 1047 1044 1041 1026 1021 1025 1018 1031 1045 1045 1043 1056 1072 1084 1079 1074 1066 1051 1038 1026 1015 995 989 984 972 965 956 948 937 928 919 919 914 906 898 887 878 870 865 856 849 841 832 831 829 829 825
1125 1118 1116 1095 1094 1090 1086 1065 1072 1079 1070 1082 1099 1118 1110 1105 1104 1106 1088 1082 1079 1068 1075 1083 1087 1086 1096 1102 1095 1095 1101 1104 1092 1085 1079 1073 1064 1058 1055 1047 1046 1044 1042 1039 1042 1046 1039 1038 1036 1031 1023 1015 1007 1010 1008 1023 1036 1031 1043 1061 1074 1069 1069 1062 1040 1029 1018 1005 990 984 978 972 972 964 956 951 940 933 926 918 908 899 885 875 866 861 850 843 835 832 824 822 824 818
1110 1110 1101 1075 1074 1071 1067 1043 1055 1063 1070 1070 1088 1106 1095 1090 1093 1095 1080 1076 1069 1053 1060 1060 1070 1074 1080 1085 1091 1083 1088 1094 1088 1082 1076 1070 1063 1055 1049 1044 1041 1038 1037 1033 1033 1035 1038 1030 1030 1027 1014 1005 997 999 1000 1015 1025 1024 1039 1050 1060 1057 1065 1057 1040 1022 1022 1011 1005 994 987 980 978 969 960 958 953 940 931 915 904 894 880 870 862 855 846 846 840 833 827 822 818 808
1112 1094 1081 1058 1055 1049 1043 1028 1036 1045 1054 1063 1081 1092 1077 1076 1081 1081 1068 1072 1069 1049 1044 1051 1064 1069 1075 1078 1081 1071 1078 1087 1083 1079 1074 1068 1061 1054 1054 1047 1041 1037 1035 1030 1028 1028 1029 1020 1021 1019 1007 1000 990 987 993 1003 1009 1022 1037 1041 1041 1030 1045 1057 1052 1035 1024 1014 1011 1000 992 986 985 977 967 957 948 937 926 906 893 893 886 874 868 855 845 842 837 832 825 819 813 801
1102 1083 1065 1058 1038 1031 1027 1012 1019 1030 1045 1043 1063 1076 1061 1057 1057 1062 1050 1057 1058 1049 1038 1045 1059 1062 1069 1072 1072 1062 1070 1080 1077 1078 1075 1071 1061 1058 1053 1047 1039 1035 1032 1027 1023 1021 1020 1011 1013 1011 1000 994 982 978 970 981 989 1003 1022 1027 1027 1020 1036 1046 1047 1041 1033 1021 1018 1007 1000 992 984 976 967 967 950 939 927 919 905 894 882 871 859 851 840 836 832 829 820 816 808 801
1093 1073 1056 1047 1028 1028 1016 991 995 1003 1019 1037 1057 1065 1045 1038 1038 1043 1028 1035 1040 1040 1029 1040 1054 1056 1056 1059 1065 1054 1055 1063 1074 1075 1069 1063 1056 1055 1052 1046 1038 1034 1030 1025 1020 1015 1011 1006 1001 1000 991 991 986 975 963 977 992 1009 1013 1011 1008 1010 1024 1034 1041 1042 1039 1029 1024 1024 1015 1005 991 982 973 963 950 939 930 929 916 902 886 874 861 851 838 829 826 824 816 815 810 805
1102 1086 1066 1053 1031 1014 1000 977 979 996 1014 1025 1038 1044 1045 1019 1012 1022 1009 1014 1014 1020 1011 1025 1038 1047 1046 1048 1054 1045 1047 1059 1074 1069 1061 1055 1053 1053 1050 1044 1036 1036 1032 1027 1022 1017 1011 1001 996 993 991 980 975 965 962 979 994 1007 998 990 995 999 1008 1008 1019 1029 1041 1042 1035 1026 1016 1004 995 983 974 964 958 948 940 931 919 905 890 874 874 862 849 837 830 820 809 803 803 800
1085 1073 1059 1047 1019 1004 987 966 969 986 1008 1013 1022 1027 1027 1010 999 1000 983 989 995 1001 1007 1026 1039 1035 1033 1035 1043 1041 1044 1052 1067 1060 1050 1050 1043 1051 1052 1049 1042 1036 1032 1025 1016 1011 1007 997 993 989 983 971 961 952 961 975 984 984 980 981 978 976 983 995 1012 1018 1034 1042 1038 1027 1016 1005 999 991 980 970 962 952 952 940 928 916 904 884 872 858 847 842 833 819 813 802 796 794
1065 1061 1050 1037 1007 994 977 966 954 958 977 988 1004 1010 1012 995 980 975 961 968 975 987 1005 1020 1032 1035 1018 1025 1035 1026 1035 1038 1046 1051 1049 1040 1037 1049 1051 1048 1041 1036 1031 1025 1011 1006 1003 991 988 983 977 970 964 952 948 959 963 968 967 963 965 976 971 988 1003 1008 1026 1040 1040 1033 1022 1011 1015 1004 993 984 971 961 951 940 922 911 900 882 873 866 853 850 840 826 821 807 797 793
1065 1042 1042 1035 1006 995 979 966 937 948 970 981 1000 1003 1001 975 964 956 961 948 962 982 996 996 1009 1017 1002 1001 1009 1011 1023 1031 1045 1045 1041 1030 1037 1042 1048 1045 1040 1036 1030 1022 1011 1011 1001 988 984 981 976 962 955 948 948 952 949 955 954 956 956 960 962 980 993 1000 1000 1018 1036 1040 1035 1025 1015 1002 991 981 964 956 947 935 917 905 895 889 887 879 864 859 859 846 833 828 814 803
1058 1034 1023 1014 988 979 961 950 926 940 965 975 992 990 979 952 947 947 936 920 935 960 972 981 991 1001 983 984 997 996 1012 1029 1041 1037 1032 1024 1029 1034 1041 1041 1037 1039 1036 1030 1020 1006 996 986 977 973 967 957 951 946 942 930 933 945 940 940 940 942 937 948 967 979 997 1014 1034 1040 1033 1022 1012 996 984 973 954 944 937 928 913 906 906 911 907 899 888 875 862 851 838 831 816 805
1049 1023 1009 998 976 964 951 935 919 936 957 957 964 977 972 942 935 930 920 911 931 955 950 961 979 986 965 970 980 996 1011 1028 1036 1025 1029 1024 1016 1011 1022 1032 1028 1034 1033 1029 1019 1008 997 986 977 970 962 953 948 943 943 933 926 923 922 929 929 931 928 942 958 979 987 1008 1032 1039 1029 1017 1007 992 980 980 965 954 940 931 924 918 914 911 912 899 886 872 861 852 841 831 819 806
1039 1012 1001 990 968 968 950 933 911 910 928 947 953 962 955 927 919 912 904 903 925 941 930 950 963 968 949 949 956 968 987 1008 1020 1013 1016 1013 1005 1004 1011 1019 1015 1022 1028 1029 1024 1012 998 985 987 979 971 960 949 943 939 928 921 916 913 918 920 920 923 937 951 972 993 1013 1033 1038 1035 1025 1012 997 985 978 963 949 943 932 930 924 918 917 899 890 881 866 859 851 841 842 832 822
1032 1001 996 990 982 956 938 925 902 900 920 937 938 948 938 913 902 894 890 898 915 915 923 925 936 946 925 931 949 963 983 1001 1008 1004 1006 1003 998 998 1004 1009 1015 1014 1014 1023 1025 1022 1012 999 992 982 972 959 946 938 933 923 916 909 913 908 910 914 926 926 940 951 981 1002 1021 1040 1031 1019 1007 994 984 975 963 964 952 942 936 928 917 905 894 894 883 867 860 855 850 833 825 816
1012 983 975 972 967 941 929 915 890 891 905 923 922 931 924 924 899 887 876 881 893 897 904 915 923 925 906 926 946 962 984 995 1001 1004 996 993 993 985 991 997 1002 1002 1009 1017 1019 1019 1013 1001 991 982 972 959 941 932 927 916 909 909 901 892 899 904 917 931 944 959 987 1009 1030 1040 1026 1016 1006 1000 990 981 970 970 957 957 951 942 933 919 903 890 877 866 857 850 843 833 823 814
998 975 959 952 949 924 914 901 875 875 877 894 895 907 916 910 879 863 866 875 879 878 897 903 906 903 897 919 939 959 958 982 992 995 990 988 985 980 986 992 997 1000 1006 1013 1015 1015 1010 1000 989 979 970 970 952 936 923 909 906 901 894 885 894 904 924 935 947 966 993 1015 1034 1037 1019 1016 1010 1016 1010 998 988 985 975 961 960 945 930 917 899 889 879 866 868 854 845 835 823 813
993 968 968 948 935 915 908 899 886 860 864 881 884 895 901 894 860 848 861 858 856 870 890 884 884 884 885 899 918 937 961 978 989 991 979 976 977 975 982 987 993 998 1004 1011 1015 1013 1013 1004 992 984 974 966 941 928 914 898 896 892 888 884 898 912 924 943 953 976 1001 1001 1020 1029 1015 1011 1015 1016 1014 1002 993 995 984 973 960 939 924 910 900 895 890 881 889 879 861 854 843 828
999 970 956 941 925 899 890 881 871 848 850 867 872 883 887 877 848 834 834 835 841 843 861 862 865 870 880 910 928 945 958 970 981 983 967 968 972 975 980 980 985 992 997 1002 1009 1011 1008 998 982 975 967 955 932 921 907 891 884 881 879 895 911 911 925 945 954 966 993 1010 1020 1020 1003 1000 1012 1013 1015 1009 1001 994 983 970 955 935 935 922 916 914 907 899 900 885 870 868 853 836
983 970 943 929 915 887 873 866 857 834 837 854 843 861 874 876 863 839 824 835 824 832 849 846 859 872 888 920 933 942 944 960 967 967 960 961 964 969 974 980 987 994 999 1003 1008 1005 1000 990 971 963 953 942 922 912 900 900 884 875 870 888 910 924 937 947 960 978 998 1012 1013 1009 990 991 1003 1013 1010 1010 1010 1000 988 976 962 947 935 925 931 928 923 909 907 894 879 868 860 842
968 954 926 914 902 875 875 860 850 832 823 825 833 853 868 872 856 833 815 818 808 818 832 853 865 882 899 899 914 919 919 935 950 958 958 960 963 969 974 980 987 999 1003 1004 1006 1001 989 978 961 961 950 937 920 912 903 895 878 866 865 894 914 927 939 946 964 982 1000 1004 1002 999 989 980 981 996 998 1000 1004 992 983 972 960 950 940 934 944 938 933 919 909 899 886 886 874 864
