FireInput/elevation.asc
ncols        299
nrows        265
xllcorner    460156.000000000000
yllcorner    4612006.000000000000
cellsize     30.000000000000
NODATA_value  -9999
[rows 0 to 40 of 265, columns 0 to 93 of 299]
875.0 870 867 843 835 827 815 819 821 831 814 828 837 824 821 820 814 796 783 768 749 729 715 700 676 672 687 702 717 734 746 742 751 760 770 784 804 819 835 836 841 832 806 793 782 770 761 753 744 735 727 715 707 699 690 682 673 665 654 644 649 643 639 634 630 624 618 610 603 593 579 572 566 558 558 550 542 530 516 506 496 487 477 459 441 433 416 409 425 427 440 452 458 452
858 848 846 825 825 819 791 793 797 800 795 811 821 824 805 805 802 788 775 760 743 722 706 687 666 666 667 681 692 713 729 742 746 755 769 781 796 809 826 833 834 821 799 788 778 768 758 758 750 743 729 720 710 696 691 682 673 671 662 655 660 652 644 637 628 621 615 610 603 598 590 579 572 565 560 549 539 527 515 506 497 488 478 466 449 433 427 407 408 418 418 434 445 440
873 850 837 822 810 799 791 776 780 783 780 790 797 803 787 792 792 777 769 769 752 729 715 692 674 660 661 678 688 706 724 735 737 750 766 774 787 801 820 829 828 828 814 793 783 773 760 751 744 737 724 714 705 702 699 695 683 684 671 664 660 656 656 646 629 621 614 607 593 590 585 575 569 563 557 547 537 525 515 505 497 489 478 465 465 448 428 426 412 403 407 426 435 428
867 844 834 817 794 778 772 755 761 765 762 773 778 778 764 772 778 768 768 759 745 721 704 681 667 650 654 675 684 701 718 728 733 746 760 752 767 779 796 809 821 824 808 788 778 770 756 746 738 730 718 713 707 714 714 710 710 707 694 677 667 659 650 639 618 608 600 595 585 583 580 568 563 558 554 543 534 522 522 511 504 497 487 472 454 438 427 426 418 410 399 414 422 424
861 841 832 812 795 770 755 741 736 742 735 744 751 758 749 757 763 768 757 749 737 712 694 670 660 642 645 668 678 678 693 710 714 725 739 752 755 770 792 804 817 819 804 784 776 767 755 744 735 726 727 722 718 714 722 722 718 711 696 678 665 651 639 628 603 594 588 586 578 577 573 573 560 555 552 540 538 527 518 507 501 495 480 459 443 432 435 434 427 410 398 403 411 403
852 852 837 821 806 790 763 735 721 725 715 726 734 740 732 740 748 755 745 740 727 702 681 681 662 644 634 636 648 672 684 699 701 715 728 743 749 765 789 799 808 810 798 785 785 776 769 757 745 735 733 727 723 721 724 724 722 706 693 674 661 640 626 615 592 592 582 577 567 570 569 565 548 544 542 526 524 520 512 499 496 491 471 449 437 436 449 449 442 435 427 403 395 399
868 845 832 811 798 778 757 729 714 704 715 707 717 725 714 722 731 731 725 732 728 707 689 667 655 634 626 629 648 660 676 688 692 706 718 734 748 763 763 781 796 803 804 795 786 778 769 763 751 740 736 730 726 724 722 722 718 693 679 679 666 643 628 614 603 580 568 566 554 558 557 553 532 530 527 516 515 509 504 488 486 486 484 468 447 441 462 457 448 438 427 408 392 395
857 837 825 801 786 769 750 723 703 689 693 681 688 696 686 691 700 714 710 719 718 689 671 659 647 627 615 622 637 647 666 677 669 682 697 709 730 748 763 776 791 799 801 795 788 780 773 768 756 744 736 730 726 726 719 715 711 685 676 667 657 632 617 602 592 573 561 555 545 543 542 537 517 515 515 504 502 500 495 479 474 474 479 461 453 456 467 465 454 440 428 414 394 389
848 831 815 801 789 774 759 734 715 693 684 671 677 682 675 680 685 699 696 706 706 689 663 648 638 621 621 610 614 621 636 653 654 674 686 705 729 746 760 776 785 796 798 796 791 782 775 776 769 758 745 735 729 723 712 705 697 685 668 659 650 634 614 597 583 574 559 551 545 545 535 527 511 506 505 504 488 486 482 465 461 461 468 459 462 467 469 468 459 441 445 433 420 399
852 840 825 805 782 766 750 730 713 693 677 658 657 668 675 664 672 683 685 689 689 683 662 650 638 622 613 603 608 611 623 639 654 671 683 707 726 743 757 771 781 781 794 798 797 793 784 776 767 756 745 736 728 721 707 699 686 677 669 660 648 639 620 620 604 593 578 565 554 551 537 521 511 500 494 492 479 476 472 465 459 456 457 455 455 463 467 467 468 459 445 435 422 401
843 835 822 802 778 761 745 730 714 694 679 658 644 648 648 637 648 660 660 670 670 666 649 636 630 612 603 592 598 604 619 636 651 671 681 681 698 723 739 754 764 777 792 798 798 795 786 777 766 756 746 738 727 718 704 699 687 687 681 675 668 661 645 629 612 605 587 575 561 561 549 533 523 505 490 482 474 472 472 476 470 464 455 452 448 453 461 458 467 462 450 435 422 400
837 832 822 801 779 761 745 730 730 717 695 678 656 640 630 619 630 645 645 655 658 657 630 624 619 612 588 580 587 587 600 618 639 650 668 677 691 717 736 750 761 775 790 798 799 796 787 778 768 759 750 752 739 727 721 713 705 695 691 680 674 661 648 637 620 613 598 583 571 565 555 544 543 528 513 496 484 481 480 476 480 471 462 459 448 445 450 447 459 461 449 439 422 422
832 830 830 822 799 780 764 747 733 716 698 680 657 638 620 606 614 627 627 641 645 640 617 617 613 608 582 571 574 586 600 617 634 647 663 674 686 715 734 747 759 774 791 799 802 802 798 791 782 772 763 754 742 730 733 724 714 703 694 683 673 659 650 640 626 614 614 605 592 571 563 554 533 521 508 491 496 501 498 490 492 481 471 469 456 445 440 442 437 444 437 443 444 426
825 819 822 817 796 781 766 748 731 713 698 679 658 636 620 598 595 595 611 609 623 629 610 606 601 593 566 563 578 601 613 622 633 649 660 673 686 713 732 732 747 761 776 794 805 805 800 795 787 779 768 761 749 740 733 733 723 706 695 681 681 668 660 650 640 623 608 600 587 564 554 545 533 512 499 491 515 521 516 506 502 502 490 486 476 464 451 448 435 430 437 428 436 431
811 808 812 811 793 780 765 749 728 713 697 697 676 657 637 620 595 583 596 595 608 612 597 593 588 579 553 570 588 601 627 635 635 656 662 668 677 701 717 734 753 767 783 799 812 812 804 795 794 784 774 769 759 753 753 751 734 723 709 694 681 669 660 647 636 623 603 591 574 560 550 539 523 511 501 501 518 527 527 521 516 507 496 486 479 470 459 457 445 433 425 418 425 435
800 796 804 804 791 791 779 763 744 726 710 693 672 655 636 620 597 577 579 579 590 598 584 582 577 566 549 556 580 600 624 637 647 666 672 679 686 713 725 738 762 776 793 806 820 819 807 800 811 803 791 784 774 766 760 746 730 719 706 694 685 674 658 644 630 617 604 592 576 589 570 558 548 533 517 510 531 532 526 521 517 511 499 489 484 474 467 465 456 443 428 436 422 407
779 782 790 797 798 787 776 760 741 724 709 691 673 653 635 620 597 577 569 568 568 576 582 572 569 561 547 565 587 609 629 643 657 672 680 687 698 724 734 748 762 784 784 801 818 823 825 818 823 813 798 788 776 766 761 741 729 718 706 692 685 673 656 656 644 629 629 616 605 600 580 562 550 535 524 523 531 536 525 521 516 511 503 494 489 489 480 479 469 459 449 439 426 411
774 779 786 792 794 782 770 754 737 720 708 692 674 653 653 633 620 597 578 562 556 564 569 558 551 545 557 571 591 613 632 648 663 678 687 697 697 723 731 744 757 777 792 807 820 826 830 831 833 819 803 788 775 765 754 738 728 728 715 696 690 680 670 661 653 642 640 629 617 602 584 562 548 538 534 538 541 535 524 524 520 515 510 505 500 494 488 481 470 460 450 439 427 414
770 776 783 787 788 774 763 750 744 729 714 704 685 672 652 633 620 599 580 564 551 550 557 538 532 541 567 577 596 615 615 631 648 668 682 696 710 728 738 751 763 783 797 812 822 828 833 839 837 820 801 801 786 774 762 747 734 721 709 698 690 681 678 668 661 649 647 637 620 602 582 563 548 557 548 551 552 547 535 524 521 515 510 505 501 495 489 481 471 461 450 440 431 422
767 772 772 777 780 774 766 755 736 719 708 699 682 670 652 635 622 601 581 567 551 539 540 522 522 530 558 574 582 598 616 632 649 669 685 702 718 731 743 756 767 787 801 815 823 823 829 835 843 841 817 799 784 771 758 748 735 724 710 710 699 689 687 674 666 655 652 652 638 618 602 582 568 569 565 563 558 549 535 526 524 516 510 506 502 496 489 482 484 475 462 459 448 440
750 758 766 772 774 766 758 748 736 713 704 696 679 667 651 638 623 603 603 584 569 555 537 522 517 531 558 577 587 602 623 635 649 665 688 704 720 731 743 743 758 771 787 803 815 822 829 836 841 842 818 798 786 772 759 752 742 736 726 724 724 711 700 695 682 673 665 656 643 623 609 588 576 583 577 571 561 551 538 530 524 520 520 512 510 505 498 492 489 482 473 471 461 454
745 758 760 765 769 756 751 742 727 709 702 691 685 676 665 653 639 621 603 584 568 556 541 521 512 531 561 580 591 609 624 638 652 652 671 689 705 720 731 743 756 769 785 802 816 822 828 835 840 842 822 801 793 776 776 764 759 750 743 743 733 720 708 698 684 675 665 657 645 626 614 595 586 583 587 575 575 567 554 543 534 532 525 516 514 507 501 495 496 489 481 471 468 460
741 752 753 758 759 749 749 745 733 713 705 698 682 675 663 652 633 617 602 585 565 554 541 517 509 529 562 559 580 592 606 623 640 655 674 689 705 719 731 742 753 765 781 797 811 821 826 832 831 837 838 826 811 798 781 770 763 755 748 746 737 724 710 696 683 672 660 653 640 627 631 620 610 603 607 594 580 571 559 549 540 538 529 520 518 512 507 501 503 495 487 487 475 465
734 739 741 746 750 742 740 731 722 705 700 694 682 672 659 648 623 609 596 580 560 560 551 527 506 511 532 559 578 592 606 621 639 656 676 689 703 718 730 742 753 763 763 777 796 809 820 826 831 834 836 827 808 794 781 772 763 758 751 745 737 724 711 693 693 679 668 658 648 641 645 636 625 615 620 608 588 581 566 555 547 547 538 527 518 528 520 516 516 504 494 484 465 460
729 735 736 739 742 729 723 718 712 697 694 687 678 662 651 651 623 612 601 587 564 554 544 516 498 515 538 555 574 589 605 620 634 657 675 688 688 700 714 729 742 753 763 777 796 811 820 827 832 833 832 824 803 790 779 770 760 755 755 745 741 734 721 705 692 678 667 668 662 653 664 654 644 633 635 621 602 589 574 574 564 564 557 551 539 535 527 520 510 496 486 472 459 455
725 731 731 733 734 729 712 709 703 688 687 685 680 655 647 636 611 602 592 576 557 547 534 516 499 518 536 561 572 587 587 608 621 633 657 673 687 700 716 731 744 753 763 776 795 813 820 825 830 828 825 815 806 800 792 780 768 758 752 745 736 725 715 710 701 689 679 688 679 673 680 668 656 656 648 637 623 606 592 581 572 565 561 555 546 533 525 517 498 486 472 463 455 451
723 727 725 725 724 720 708 702 695 675 673 672 666 641 630 620 611 592 581 568 548 537 521 504 496 506 528 559 571 580 592 618 629 639 657 674 688 703 718 731 745 754 765 777 797 811 811 819 822 817 819 816 806 797 793 780 767 759 752 742 737 728 720 722 713 707 697 709 702 695 688 684 671 658 638 625 613 602 585 578 571 559 554 549 540 526 518 509 498 488 473 460 448 449
709 719 715 715 713 711 693 686 680 657 655 649 646 622 612 605 598 583 583 571 548 537 523 506 498 515 540 567 580 590 602 628 641 653 664 682 694 706 717 729 729 744 759 769 783 797 806 812 815 805 806 803 795 791 784 775 766 762 757 744 740 740 734 735 729 721 715 711 705 698 692 677 663 652 622 612 602 592 573 568 564 547 547 540 535 520 514 509 499 476 458 448 435 437
704 711 706 705 703 699 679 673 665 657 637 633 633 609 603 597 593 577 569 559 532 522 507 494 504 524 550 567 584 592 607 634 649 661 661 673 686 697 707 715 727 746 764 774 786 797 796 799 802 794 794 794 789 777 774 774 763 761 760 759 751 744 738 735 729 722 716 705 701 696 687 666 653 638 607 598 598 587 567 562 559 553 529 527 521 504 502 497 489 463 445 435 424 428
701 705 700 696 691 685 673 665 657 649 628 623 617 594 589 584 581 563 554 543 512 503 490 489 510 532 555 570 569 584 594 621 638 651 663 677 688 697 706 714 729 751 768 775 782 791 786 789 792 782 784 783 782 772 771 769 753 752 753 756 741 739 734 732 718 714 709 694 692 687 687 666 649 635 602 594 585 574 557 550 542 536 508 507 506 490 488 485 476 448 433 422 407 407
693 699 701 694 687 679 662 651 642 635 613 606 599 585 580 576 570 548 536 523 512 487 482 477 504 518 536 554 569 583 600 626 641 652 663 677 688 697 706 720 739 756 768 768 773 775 771 777 780 770 770 770 771 764 763 758 753 740 740 743 726 723 721 719 702 701 701 686 685 686 679 650 633 615 602 585 575 567 547 535 523 515 495 491 491 475 475 473 468 444 433 418 407 388
691 696 698 685 678 671 651 639 631 623 599 593 588 572 569 569 564 542 531 513 495 470 472 486 518 529 543 558 573 585 610 633 645 653 663 675 686 686 696 718 732 747 755 764 768 765 757 764 768 759 760 761 763 754 753 746 741 729 729 728 714 710 707 703 687 688 687 675 676 676 665 636 615 601 592 580 571 561 541 527 527 511 495 483 473 455 454 453 451 428 417 403 388 368
687 692 691 678 672 663 643 630 620 620 597 591 583 575 553 550 550 524 512 491 475 467 481 499 533 545 561 567 583 595 615 615 637 647 654 665 675 689 704 727 739 748 743 749 751 752 743 750 756 759 750 753 753 741 743 739 733 724 720 717 699 693 691 689 676 675 675 675 667 666 653 621 603 593 593 581 575 567 549 537 519 505 487 471 458 455 443 438 434 412 403 387 371 356
681 685 684 678 673 666 656 636 621 608 589 579 564 556 531 530 529 508 497 476 465 478 495 516 533 545 559 575 595 598 607 621 640 649 656 675 686 702 718 727 733 739 743 730 734 737 723 727 733 739 730 735 738 730 729 728 726 718 712 706 699 681 679 677 663 661 662 664 651 654 653 632 613 597 587 576 570 562 549 530 513 500 481 464 449 445 433 421 416 392 394 387 370 348
671 676 679 673 668 661 650 627 613 600 580 562 546 536 515 514 513 492 478 478 463 473 493 510 531 556 574 594 606 612 620 629 648 654 664 685 699 711 721 720 720 723 725 712 717 720 711 716 721 726 721 725 728 725 724 723 720 709 703 695 688 671 671 667 652 651 648 648 638 640 641 622 607 591 581 570 564 554 540 521 509 495 474 474 457 443 424 415 399 374 375 370 359 332
665 672 675 668 663 655 641 617 604 592 568 546 529 529 510 504 501 499 469 461 459 489 507 524 544 568 584 601 613 622 629 639 654 661 661 673 693 705 713 712 712 711 710 695 702 709 698 701 709 716 713 719 723 725 716 713 713 699 698 692 686 668 660 653 639 637 634 635 625 627 627 622 603 586 576 564 556 556 542 518 510 500 479 468 453 434 412 396 382 374 359 357 348 316
659 667 670 663 657 643 629 616 603 595 576 557 539 521 502 491 482 475 454 456 466 504 517 533 553 576 594 606 613 623 631 639 652 658 666 680 696 704 710 701 698 696 693 682 689 695 685 689 696 696 695 706 714 722 705 700 700 687 687 684 677 659 647 639 627 626 622 623 612 614 615 615 602 595 579 563 555 546 532 510 501 489 470 460 446 428 408 388 374 363 344 338 338 306
651 651 661 657 654 642 628 603 594 587 576 551 533 514 491 472 462 456 453 463 484 513 513 525 542 570 585 602 613 633 640 646 654 661 670 684 687 693 697 682 683 680 679 665 671 677 682 672 676 684 685 696 706 713 694 685 685 676 677 676 671 648 637 628 627 616 615 612 596 597 601 603 591 587 572 555 545 532 521 503 489 479 470 449 438 429 423 403 384 366 340 326 311 294
629 641 653 657 640 629 615 594 587 579 565 542 525 508 476 460 460 451 447 460 479 498 520 535 552 580 598 612 623 639 644 649 651 657 664 677 672 672 679 681 667 667 665 652 655 662 668 659 665 673 675 688 697 701 687 676 674 676 668 668 668 653 640 628 617 604 605 601 580 580 586 590 583 580 568 555 534 521 514 489 489 477 468 445 433 427 403 389 372 355 325 309 298 294
622 631 640 645 628 615 604 585 577 564 564 545 533 518 480 462 450 442 455 475 492 506 530 550 565 590 607 620 632 638 642 642 638 642 650 656 656 662 667 667 651 651 650 639 642 646 652 643 651 662 664 679 689 689 685 680 671 665 655 658 658 639 630 616 606 593 594 589 566 563 571 578 574 575 575 565 543 526 515 493 479 465 456 433 423 416 392 370 355 338 313 301 291 287
614 625 631 634 625 613 604 585 574 562 552 533 518 501 480 449 441 439 467 484 498 512 543 563 575 581 597 615 626 632 633 635 638 631 638 650 646 650 651 652 634 632 636 626 629 631 636 619 627 638 650 658 671 680 675 673 665 657 645 645 645 622 616 606 593 580 580 575 575 555 554 557 550 561 567 559 541 522 508 487 472 454 443 425 415 405 392 358 340 323 311 302 290 285
