FireInput/elevation.asc
ncols        299
nrows        265
xllcorner    460156.000000000000
yllcorner    4612006.000000000000
cellsize     30.000000000000
NODATA_value  -9999
[rows 123 to 163 of 265, columns 0 to 93 of 299]
715 701 682 659 642 624 599 576 561 551 517 497 481 500 511 519 519 543 553 562 573 605 628 641 658 666 674 674 662 648 640 638 634 629 626 619 608 598 598 587 581 577 573 575 573 568 564 562 558 554 554 553 550 566 567 566 565 572 570 570 577 578 579 581 582 576 567 558 555 549 541 522 515 515 514 517 511 500 473 453 436 436 415 401 386 367 367 364 349 311 298 284 279 280
713 699 677 655 638 619 593 573 553 535 533 511 488 488 511 522 533 558 568 577 587 621 638 650 672 681 683 674 662 649 642 638 638 634 629 620 611 600 593 584 578 574 572 572 570 566 561 558 555 554 559 561 562 574 577 578 577 584 580 578 584 586 587 587 580 569 559 558 552 544 531 523 520 518 517 516 513 501 472 461 446 428 398 380 372 367 351 345 335 302 293 279 279 285
711 697 675 652 652 634 613 592 576 554 534 511 489 499 521 535 547 576 586 594 605 635 648 661 684 687 687 685 671 661 648 642 637 632 626 613 602 593 588 581 577 574 573 572 568 564 562 562 560 559 566 569 571 583 586 588 588 592 587 584 591 592 590 588 574 562 557 555 547 547 538 528 523 520 518 515 506 484 463 450 431 412 390 379 367 354 333 325 318 297 297 285 278 278
723 709 694 666 646 630 613 600 582 558 534 510 494 507 537 550 563 589 603 614 614 638 647 661 674 689 688 681 667 658 647 641 634 627 620 606 597 589 584 582 578 578 574 579 573 569 571 567 564 563 575 578 582 592 595 599 598 607 597 591 591 595 592 592 584 569 559 554 545 541 535 525 521 518 516 512 499 479 463 447 431 411 389 380 380 363 336 327 313 299 290 279 278 289
721 707 689 668 651 637 623 607 584 558 533 505 501 516 532 549 561 584 603 618 630 647 658 670 681 695 688 677 663 653 645 639 630 623 615 609 600 594 588 588 585 582 583 582 576 575 575 570 571 573 581 586 590 602 609 613 613 631 624 610 601 606 599 592 580 566 557 550 537 534 530 518 515 514 514 507 497 481 481 457 443 428 394 379 367 352 329 322 308 294 282 278 279 308
720 705 688 680 664 649 630 606 606 581 551 526 501 513 544 556 569 584 613 627 638 654 663 675 687 699 685 672 657 657 648 642 635 628 618 609 600 595 592 590 587 586 587 583 582 582 580 574 576 579 586 589 593 598 620 628 633 639 633 626 614 611 601 591 577 564 554 545 532 528 523 518 511 509 509 505 501 486 473 446 426 413 375 362 351 337 321 308 300 294 278 278 283 295
719 708 708 699 685 670 651 622 598 574 551 519 506 527 553 565 580 594 622 636 647 661 667 667 677 696 698 680 668 654 645 641 635 627 616 607 603 598 594 593 590 588 587 587 587 588 589 587 582 584 597 601 606 611 637 641 641 643 633 627 620 610 601 587 577 562 562 551 537 527 520 514 507 505 504 496 491 476 462 432 413 390 375 356 338 328 312 312 301 296 278 278 280 308
727 718 709 694 681 665 644 611 590 565 544 516 520 541 564 579 591 591 619 630 643 663 671 675 683 702 694 677 665 652 644 641 635 627 618 609 606 600 600 597 594 592 589 590 593 594 593 597 595 595 611 616 621 628 646 647 647 643 632 624 624 613 605 595 582 572 560 548 532 520 511 508 501 500 497 483 480 468 451 427 407 407 383 379 365 342 323 305 298 290 278 278 285 323
726 716 706 694 672 654 634 604 582 554 538 532 522 537 567 580 591 603 629 638 649 663 680 686 692 707 692 676 664 656 647 642 643 634 628 622 615 607 601 597 596 593 591 596 599 599 599 608 607 609 626 629 637 643 651 651 649 649 638 629 620 606 594 587 580 569 557 544 529 518 508 502 493 491 486 486 469 468 463 441 420 401 389 378 363 339 316 302 296 285 278 280 296 323
724 713 700 685 666 666 647 618 599 575 548 529 537 554 579 590 602 618 639 645 657 671 691 699 709 705 705 691 677 668 661 653 643 633 629 624 614 607 600 597 599 595 593 601 603 606 607 615 615 618 637 641 645 649 654 651 648 643 631 624 614 590 582 579 576 564 554 538 526 526 517 506 485 481 477 472 459 455 453 422 408 398 392 372 354 332 312 300 292 281 278 278 288 314
744 723 711 697 679 663 641 617 597 570 544 541 555 568 579 602 621 633 649 656 656 667 692 704 713 711 700 688 677 668 663 655 643 635 630 624 610 606 602 599 598 596 596 601 603 606 611 617 622 629 637 650 652 654 658 649 641 635 621 613 603 578 573 573 571 562 557 547 532 521 514 499 479 473 467 463 450 442 435 412 403 399 389 365 348 348 329 312 298 286 278 280 303 336
738 721 710 696 679 661 638 617 595 563 541 556 569 579 579 603 622 637 654 660 668 676 707 718 719 711 694 685 675 668 663 658 645 638 630 623 620 609 606 603 600 599 600 601 605 607 611 619 629 641 648 657 657 658 660 647 636 636 619 611 602 588 569 564 563 555 551 540 528 512 501 487 473 465 461 455 444 436 436 426 412 407 398 380 360 341 320 308 296 281 277 287 324 357
730 717 708 695 675 656 636 616 615 592 562 554 569 580 589 618 637 647 665 673 679 691 717 723 716 706 690 681 673 668 668 664 661 653 639 629 620 612 608 604 605 603 604 604 607 608 609 624 636 647 654 663 666 671 669 659 644 633 613 602 589 579 560 558 557 550 543 532 521 500 491 481 481 472 465 463 461 446 434 422 412 405 394 374 354 335 315 301 292 279 278 300 342 369
730 713 713 703 681 671 655 635 612 587 558 565 580 591 602 631 647 658 665 685 694 709 720 721 721 710 692 686 678 670 667 664 661 651 639 629 620 614 610 608 611 608 606 607 610 610 609 623 633 646 654 673 675 673 669 659 645 631 609 593 580 570 555 554 552 542 542 535 526 515 501 491 481 481 474 469 466 450 433 422 414 400 387 371 352 329 311 298 298 286 278 280 309 348
743 717 707 692 677 669 652 633 607 582 557 580 594 608 618 642 657 672 672 690 697 708 716 718 714 702 689 682 675 669 666 664 661 645 638 628 619 619 617 617 623 619 611 608 617 620 623 636 646 655 664 675 674 671 667 658 644 627 606 586 586 574 552 549 549 538 534 530 524 519 514 503 491 491 484 476 471 454 437 422 414 398 398 389 372 351 324 306 296 281 278 276 312 334
732 711 697 685 675 665 647 631 601 576 561 580 595 611 625 643 653 670 683 696 707 713 714 712 708 696 685 679 673 669 663 662 661 653 641 636 629 634 629 626 634 629 624 618 628 631 632 636 663 670 674 670 671 669 669 663 655 641 618 603 581 565 548 544 542 538 531 528 523 518 515 508 498 496 496 487 491 477 462 444 432 418 402 389 376 353 325 305 293 279 278 279 299 319
721 705 692 684 674 674 661 644 617 595 575 577 612 623 636 654 666 680 688 702 711 715 711 707 701 692 682 682 676 670 664 660 659 645 641 640 637 645 642 637 645 639 632 628 638 642 649 657 674 674 671 662 661 663 664 657 650 636 614 601 579 560 547 541 536 534 529 526 522 516 516 512 505 495 497 497 479 477 468 454 439 426 412 397 381 355 325 305 292 279 278 278 279 288
731 713 703 692 684 672 656 638 612 590 581 597 624 634 645 666 678 687 693 709 716 716 719 708 703 698 690 682 674 669 661 656 652 650 650 649 648 655 652 649 645 652 652 647 652 652 656 666 678 673 667 658 653 655 660 643 638 626 614 602 576 560 548 539 539 535 531 527 523 513 509 502 495 487 489 485 479 465 466 458 439 429 417 401 386 386 361 338 309 294 279 278 278 280
726 711 702 692 684 667 651 631 607 590 599 615 635 644 654 654 677 687 697 715 719 723 719 708 703 698 690 684 676 669 662 655 653 650 659 659 659 667 665 663 659 663 661 658 666 666 669 675 682 674 665 658 646 641 644 628 626 617 617 606 600 580 564 549 540 535 529 524 516 513 496 488 485 475 470 465 463 451 456 456 444 434 424 411 396 385 366 338 320 301 285 282 278 277
722 710 700 691 682 660 647 626 606 606 607 618 637 643 652 664 689 700 710 724 731 730 717 710 704 697 690 683 675 669 674 668 664 662 670 670 668 678 674 670 667 675 672 670 677 676 677 680 687 675 664 656 654 641 631 618 616 614 610 603 601 584 563 550 541 535 527 519 511 504 490 480 476 467 462 456 451 439 443 445 428 419 409 402 392 384 371 347 330 310 294 293 284 279
720 710 696 696 685 667 656 645 624 616 624 631 645 651 663 676 702 712 718 738 740 733 718 713 713 708 698 692 686 679 681 674 672 671 681 681 681 691 688 682 677 687 683 678 677 682 682 680 689 688 676 663 652 640 626 614 609 607 605 601 600 585 563 550 542 534 524 524 516 508 499 488 476 462 455 449 442 432 428 430 428 402 400 397 392 386 374 356 360 342 320 312 301 293
740 722 710 694 678 665 656 644 623 630 635 641 654 661 674 687 711 720 720 742 746 748 740 723 715 710 700 701 698 689 692 685 681 681 693 693 692 700 697 697 692 699 696 695 691 699 692 688 699 689 674 661 650 638 623 612 607 603 600 595 590 590 580 557 547 540 530 522 514 507 496 485 472 456 448 442 437 429 422 415 407 400 400 398 394 392 384 374 358 346 328 319 305 299
739 722 707 692 677 666 656 646 629 645 652 653 668 667 674 685 710 720 732 742 751 751 744 727 717 709 704 714 711 702 704 700 696 696 709 706 702 701 709 706 703 710 708 706 704 712 706 701 704 687 672 660 648 636 621 621 613 608 602 595 585 578 571 551 544 537 529 521 513 505 486 475 466 456 441 436 436 429 425 419 411 402 400 397 392 386 378 371 352 342 329 319 307 301
742 722 703 689 677 666 666 656 649 662 666 668 668 681 686 696 717 732 741 748 756 757 749 729 717 713 713 728 729 721 713 717 713 711 719 715 711 710 718 715 712 719 717 715 714 718 715 711 704 704 682 670 658 644 632 621 614 609 602 596 586 575 565 548 543 536 529 519 510 499 495 482 471 461 451 440 432 426 423 418 411 405 402 398 392 383 373 363 353 340 327 320 322 315
761 743 721 705 689 676 666 662 663 681 680 680 679 690 696 704 725 738 746 753 762 762 762 751 729 722 727 748 744 735 724 732 731 724 731 725 722 720 732 724 722 731 728 728 725 730 725 722 715 699 678 667 652 639 629 620 616 611 604 597 586 574 562 550 550 543 535 524 516 506 493 478 468 460 452 438 428 427 424 420 414 408 402 397 392 382 382 372 361 351 338 329 330 326
764 744 719 703 688 676 675 677 678 689 687 686 686 696 701 701 717 731 741 751 765 770 766 751 732 738 746 760 753 743 736 745 744 740 746 737 734 734 746 743 739 733 741 738 734 736 729 725 714 691 672 663 644 634 627 620 616 611 611 605 595 582 572 565 556 547 533 523 515 503 482 472 464 458 448 440 433 427 425 422 422 416 407 401 395 386 377 369 360 356 346 337 338 338
760 739 712 697 684 677 689 691 693 700 695 691 690 693 698 705 726 736 743 755 770 773 766 746 744 752 760 771 762 753 747 762 762 761 769 760 752 748 757 753 749 744 750 746 743 739 730 724 711 681 666 656 653 644 635 627 621 615 610 603 590 581 573 567 558 549 531 521 512 495 479 469 461 455 458 452 446 441 437 435 428 414 402 397 393 377 372 365 366 362 354 343 348 347
750 734 701 701 692 692 702 701 701 705 698 693 692 698 705 712 726 741 746 759 775 775 764 745 758 758 766 778 774 766 762 770 774 775 769 773 767 762 769 763 758 753 757 753 748 735 735 728 720 696 674 661 653 643 634 627 621 615 608 601 593 585 576 566 556 543 530 526 517 506 489 480 472 464 461 453 447 440 449 445 430 402 395 390 386 385 378 372 366 374 366 358 361 359
751 741 709 701 701 703 712 712 710 711 705 700 698 716 723 729 735 754 761 761 778 781 780 764 766 774 778 785 780 773 770 783 784 783 779 780 775 772 772 770 770 764 762 759 754 743 731 724 713 689 670 658 652 643 633 628 622 614 607 602 595 595 588 578 564 551 535 518 506 497 486 483 478 468 462 455 451 450 460 447 421 417 409 409 398 417 405 394 383 380 370 363 372 367
743 730 710 711 713 714 727 724 719 711 713 710 712 734 739 747 750 773 779 778 791 788 783 767 777 783 786 785 791 788 783 790 788 786 786 783 780 777 774 773 770 766 759 755 750 743 726 719 706 684 670 659 652 644 636 636 632 623 613 607 602 596 589 578 561 541 527 512 504 497 490 482 477 470 468 463 464 464 467 457 437 417 438 432 424 439 428 409 395 385 375 373 381 372
741 725 710 721 724 726 734 734 730 724 722 724 728 754 763 768 769 795 796 793 791 797 784 773 784 789 793 793 799 800 801 801 793 789 786 781 777 775 774 772 769 764 755 750 744 735 722 712 698 691 681 671 660 650 643 639 632 623 614 608 603 596 587 575 552 533 521 515 506 497 487 489 485 480 474 480 472 470 453 441 435 438 451 447 445 457 448 423 403 392 386 384 384 385
740 740 723 728 729 731 736 735 730 726 735 740 747 771 783 789 786 807 816 813 809 805 805 788 784 789 794 798 804 806 808 801 792 788 784 773 770 771 772 767 764 760 749 749 744 738 725 716 704 686 678 669 659 649 642 638 632 620 615 610 600 592 580 568 546 546 534 528 516 505 496 496 493 490 489 480 471 465 451 449 452 452 459 459 458 466 466 459 435 413 403 397 393 386
749 735 729 736 735 736 739 737 733 732 749 756 762 771 801 803 803 822 829 831 830 822 808 793 793 795 799 801 812 812 808 801 791 785 780 765 762 762 762 755 758 757 744 741 738 733 718 707 694 686 671 664 656 646 637 632 626 614 611 611 595 587 579 570 551 545 538 528 521 509 502 503 495 492 490 470 465 451 464 464 464 463 469 469 468 469 469 460 440 423 413 405 396 380
740 739 738 741 740 739 742 741 739 742 756 767 774 780 810 819 823 845 845 843 836 826 811 797 803 804 809 810 821 814 806 806 795 787 780 766 761 753 749 741 744 746 730 730 730 726 706 696 687 680 665 659 654 653 649 639 625 614 607 601 583 576 569 561 550 545 539 530 527 518 513 497 489 485 485 475 470 467 475 476 475 472 478 478 476 473 471 459 441 434 420 407 396 375
745 745 743 744 744 743 743 747 746 750 775 789 802 803 826 844 848 869 863 850 840 835 822 807 803 822 827 830 845 827 814 803 790 777 769 759 753 742 738 729 731 731 730 718 718 715 695 695 687 679 664 661 657 652 650 643 630 618 605 593 583 576 567 557 555 548 541 534 541 535 522 500 495 488 480 483 477 475 475 486 485 480 491 491 486 480 469 458 447 454 442 426 409 387
751 751 752 754 749 748 748 754 757 764 793 811 820 820 850 862 869 869 874 874 861 857 847 838 825 848 849 849 848 834 814 801 780 764 758 759 739 731 726 714 719 719 718 707 706 705 687 682 675 667 657 656 654 652 647 640 630 617 608 596 585 575 575 567 564 561 555 546 541 533 518 500 504 499 490 491 484 482 485 495 493 491 503 503 501 492 480 471 461 454 442 425 408 380
755 758 758 759 755 753 754 764 769 780 817 826 836 836 862 871 879 883 892 887 872 867 859 854 851 864 861 856 847 834 813 798 769 757 748 748 737 730 722 702 697 706 708 695 694 691 671 668 662 657 649 651 651 649 638 629 629 611 612 608 598 574 570 567 562 564 560 551 532 525 513 507 513 507 500 500 492 492 490 502 503 503 512 509 502 488 480 474 465 456 435 421 403 373
763 765 765 772 766 761 761 774 776 786 800 828 848 855 882 889 893 895 899 892 881 880 873 870 866 875 868 860 860 842 827 805 779 767 757 744 739 728 719 702 689 691 695 682 678 675 671 652 649 646 637 641 645 648 638 629 618 600 598 595 587 566 564 562 562 556 554 547 529 526 523 523 525 519 512 510 506 501 500 509 511 512 512 503 491 483 470 465 459 452 427 414 394 384
770 770 772 780 781 779 774 792 803 812 822 850 863 870 897 904 907 904 901 896 889 892 892 887 884 886 881 871 860 838 819 798 784 772 763 751 740 727 716 692 682 680 683 671 671 665 660 642 637 636 630 634 638 642 628 617 605 586 583 577 570 571 563 558 556 550 546 536 539 536 535 532 531 523 514 515 510 505 505 515 516 516 513 491 480 474 454 454 450 444 426 418 402 376
774 776 778 780 791 790 791 826 829 832 837 866 877 888 913 916 916 915 914 904 901 898 901 895 891 889 880 868 856 835 814 798 784 773 763 752 732 720 720 708 692 681 672 661 659 655 650 634 630 630 625 625 628 630 614 602 592 586 577 577 575 585 578 567 556 559 549 543 548 544 542 539 534 528 520 515 516 512 512 520 517 517 511 490 477 469 446 438 434 430 415 406 392 376
782 784 786 789 804 807 814 837 845 850 850 875 887 896 921 923 922 919 914 908 906 905 904 899 894 886 875 864 852 834 812 797 795 782 767 757 746 735 722 710 703 685 668 657 649 646 641 629 627 626 620 617 620 620 608 596 586 581 583 585 587 589 581 573 567 571 562 554 560 553 547 541 545 538 527 527 532 524 519 526 523 512 499 483 465 455 437 428 423 420 403 394 384 369
