FireInput/terrain.asc
ncols        299
nrows        265
xllcorner    460156.000000000000
yllcorner    4612006.000000000000
cellsize     30.000000000000
NODATA_value  -9999
[rows 215 to 257 of 265, columns 96 to 191 of 299]
155 170 193 181 127 129 164 160 149 132 145 172 202 208 191 165 151 156 152 161 180 189 178 180 180 181 186 189 189 192 190 184 175 194 190 142 128 116 0 0 288 279 266 292 295 297 296 266 266 273 273 274 281 281 178 174 174 171 169 176 175 168 174 201 209 183 172 167 191 202 187 187 225 285 315 322 329 351 359 349 337 329 327 331 335 342 357 58 326 339 186 207 249 249 260 322
127 127 147 210 0 113 126 158 159 143 146 157 195 203 185 162 153 150 146 153 177 182 171 173 178 173 174 187 192 194 192 190 186 201 192 153 137 0 0 0 301 292 290 280 280 276 273 260 263 268 270 276 270 236 172 171 161 161 165 175 177 169 173 211 203 188 171 163 169 199 195 191 319 322 320 317 319 344 357 347 343 334 328 329 327 334 32 146 172 225 197 179 194 227 261 281
105 98 98 0 158 117 125 158 166 158 148 136 174 198 183 160 160 154 151 150 150 165 160 171 182 173 159 183 193 195 193 191 192 206 192 160 0 0 0 0 311 307 299 286 278 270 263 281 281 281 279 287 258 189 176 179 155 151 163 163 178 191 187 176 203 173 163 157 171 312 324 321 319 320 322 316 316 330 344 347 344 344 341 332 317 279 167 147 184 216 187 179 208 244 273 275
105 90 90 0 150 129 124 147 153 154 154 0 91 117 175 171 157 148 151 149 150 152 151 176 194 166 158 173 188 0 0 0 0 0 0 187 172 0 0 310 315 309 300 287 293 288 284 304 310 311 302 270 201 201 170 174 185 165 159 167 189 212 201 183 184 171 168 164 0 345 341 328 319 313 313 318 314 318 320 325 309 330 336 233 189 174 153 147 187 210 187 201 254 272 268 261
100 104 104 150 133 138 132 126 128 135 137 0 109 113 143 151 148 144 146 150 152 149 153 188 191 168 0 0 0 6 12 10 0 63 0 0 0 0 325 320 312 307 299 296 303 301 301 304 305 311 318 197 184 180 169 172 184 172 165 172 202 222 197 184 180 186 252 321 321 335 345 340 329 315 308 309 291 297 298 298 235 225 233 197 167 168 154 153 186 204 204 210 251 271 266 258
124 160 155 131 137 124 119 120 116 124 146 0 135 122 128 144 143 145 149 150 150 150 146 171 0 0 351 0 0 6 14 21 41 86 0 0 0 333 319 315 309 309 308 301 305 309 306 304 302 294 261 171 176 183 178 177 181 177 170 175 203 215 216 197 185 185 295 297 314 313 331 336 329 272 281 286 245 238 241 244 208 207 214 197 190 161 170 167 161 189 207 265 274 272 278 267
143 173 172 156 159 141 116 108 114 128 171 171 144 136 136 151 148 145 148 153 145 139 0 321 348 351 354 0 0 5 0 53 75 120 0 0 0 337 339 312 311 322 318 305 297 305 307 305 280 221 175 164 175 184 186 185 185 183 187 175 180 208 315 336 356 355 352 284 288 248 252 253 261 243 251 252 222 220 220 224 211 204 214 222 181 157 168 166 174 214 245 307 301 291 256 236
163 173 172 165 159 167 139 116 148 131 144 169 156 149 148 150 148 150 154 156 141 135 0 323 340 348 0 0 0 0 165 171 141 138 0 327 326 341 347 312 311 320 313 299 274 280 285 287 230 161 161 135 155 172 183 191 189 189 187 209 289 307 338 350 4 19 35 276 254 218 214 209 209 234 242 241 233 221 225 223 204 208 223 222 177 155 162 175 226 280 299 311 309 309 286 205
168 171 171 166 162 162 172 169 174 148 159 175 162 151 151 153 149 151 158 154 135 0 315 315 323 332 0 0 0 161 164 170 160 356 349 334 329 356 4 310 308 270 277 274 249 252 250 248 241 224 136 121 142 169 184 198 196 200 202 340 334 329 328 345 8 32 39 50 0 355 221 218 222 239 240 231 221 230 226 212 206 222 231 219 173 158 162 173 237 284 294 286 271 225 203 193
155 155 164 162 155 145 150 175 180 155 161 177 162 153 157 153 154 154 152 172 153 0 310 309 325 0 159 171 171 161 159 0 0 356 344 336 335 1 1 19 332 0 228 239 239 238 235 237 242 223 130 121 137 165 194 336 337 339 339 345 345 338 316 313 335 7 40 48 33 355 24 282 238 240 233 225 224 229 214 201 217 217 234 235 195 169 162 173 289 293 292 244 198 186 187 190
137 132 150 168 174 145 140 170 180 160 160 160 167 165 162 165 172 168 169 0 0 0 299 295 0 161 159 170 170 158 0 338 338 339 344 343 331 333 356 20 31 43 0 234 239 232 234 239 231 205 150 130 146 315 315 340 346 345 346 349 349 343 316 304 325 4 33 36 26 23 29 26 315 300 224 224 222 232 221 204 200 226 233 224 190 172 180 251 301 298 286 182 178 183 187 202
120 143 149 174 189 185 150 143 168 172 166 161 161 165 166 171 192 187 188 0 0 289 292 195 167 167 167 172 173 175 347 344 343 342 348 351 336 334 343 20 40 43 32 339 240 241 238 238 231 214 190 164 171 326 330 336 345 343 345 355 356 354 315 300 317 357 23 27 25 25 31 35 35 33 34 4 236 230 213 202 209 227 227 214 201 203 272 296 299 279 279 178 172 176 188 260
157 145 159 156 176 178 154 151 168 169 169 163 157 160 158 0 0 0 0 0 0 0 253 210 188 172 171 344 347 349 355 353 349 345 346 356 354 334 327 16 43 40 40 35 32 34 336 243 222 203 189 177 337 339 330 336 345 344 346 2 4 6 320 327 302 313 348 16 19 23 40 41 34 33 34 32 2 42 211 211 218 223 224 214 239 252 286 300 286 247 191 178 178 191 225 307
169 160 167 162 175 174 158 158 166 169 168 163 0 0 0 0 0 0 0 0 3 0 0 356 0 0 0 353 354 354 2 0 354 346 344 1 1 18 349 318 2 28 38 34 33 49 53 249 340 324 316 325 337 346 331 329 341 341 345 355 12 11 9 342 310 312 348 11 7 24 37 30 21 26 38 41 39 34 34 23 308 20 258 242 265 274 284 289 222 176 172 174 234 286 301 313
170 166 168 163 173 171 162 163 163 167 168 162 153 341 341 0 0 21 20 12 6 10 8 6 1 354 352 355 359 0 0 5 359 352 347 351 17 38 353 315 344 14 32 28 34 75 57 349 340 355 342 342 335 340 352 322 298 318 335 349 13 7 4 354 326 315 348 358 350 22 25 21 21 17 27 39 40 28 24 21 20 37 20 277 265 264 267 261 182 167 176 192 313 315 315 315
174 169 175 170 163 170 169 164 164 0 0 0 341 348 347 0 4 3 0 1 358 7 8 8 1 353 348 347 355 2 5 3 358 349 349 9 26 37 350 322 334 14 25 38 60 93 90 12 346 353 357 347 344 355 5 309 276 281 303 349 355 358 0 357 340 331 331 12 350 339 357 16 19 18 27 36 35 19 17 22 30 52 50 309 263 249 245 222 201 177 178 245 310 317 319 300
181 181 181 171 167 169 166 166 153 345 341 341 349 356 355 0 355 355 345 338 333 347 2 3 353 346 344 347 355 2 5 0 3 353 357 11 29 36 347 347 333 342 359 30 72 98 72 326 335 342 353 351 358 16 24 306 289 278 280 318 304 334 352 358 355 345 347 21 351 329 342 7 17 19 32 39 33 19 18 33 46 66 66 60 38 341 238 226 204 212 279 302 298 302 304 300
182 185 181 171 167 166 0 0 0 349 354 354 355 11 14 16 4 7 348 334 344 345 352 356 351 344 343 353 355 3 1 1 8 8 3 3 8 31 28 342 337 349 6 53 88 90 333 302 321 316 337 351 358 37 37 38 339 317 310 295 304 317 344 354 354 348 0 32 355 323 342 358 17 25 41 43 43 29 17 34 58 76 66 54 42 26 351 228 204 265 283 294 260 252 248 244
182 185 180 170 160 160 0 358 356 0 0 3 7 13 15 16 14 16 352 343 1 0 340 345 349 351 352 0 0 359 2 1 3 8 8 7 11 33 29 337 334 347 24 72 89 80 298 279 279 243 249 276 329 26 42 29 332 322 327 311 310 315 336 344 353 355 14 37 1 319 319 322 352 23 42 42 35 20 38 65 78 55 45 39 33 29 29 28 253 268 261 261 238 230 225 224
191 186 348 357 1 0 2 3 4 0 2 5 9 15 16 17 20 21 346 347 12 12 21 329 306 337 350 0 5 4 1 358 3 10 9 6 17 38 33 333 329 345 345 50 77 83 70 337 255 231 234 242 245 276 18 12 331 318 324 317 315 316 327 327 331 347 0 28 37 8 324 322 351 29 51 42 29 23 88 88 71 55 34 33 32 39 37 37 39 46 312 248 229 221 219 220
4 354 346 355 1 1 3 3 4 3 2 6 12 20 21 21 26 54 6 337 347 28 48 314 290 306 327 356 5 7 359 351 2 13 7 7 7 26 53 29 337 325 353 62 76 76 56 31 264 297 250 248 250 293 352 358 339 339 322 318 318 315 315 319 319 336 1 31 32 13 337 327 357 42 67 49 41 64 86 86 57 35 31 36 37 38 37 38 44 48 32 261 272 224 219 215
11 1 346 346 357 2 2 1 2 2 0 3 9 28 34 45 60 18 346 337 347 48 59 310 290 295 304 338 356 8 8 357 346 0 9 3 16 39 53 19 344 330 9 67 74 68 43 32 20 26 283 283 265 269 276 319 347 339 330 320 313 311 311 313 311 327 1 29 26 16 349 348 25 25 68 52 40 59 69 45 18 18 33 40 40 37 39 44 47 44 34 22 272 4 4 225
19 10 344 355 318 335 338 355 358 358 353 5 16 28 110 97 65 358 345 341 355 56 55 321 327 301 305 303 314 340 5 357 351 354 358 7 35 55 55 8 347 338 27 64 61 61 42 42 36 31 47 328 272 257 255 273 319 307 314 313 295 301 305 309 306 318 1 1 23 22 9 356 15 45 60 34 35 60 57 18 7 16 31 41 42 37 38 45 45 40 33 27 26 33 35 26
19 29 28 29 301 305 296 329 345 346 281 23 76 96 135 21 6 355 355 348 347 19 58 59 326 304 310 313 318 330 359 4 2 350 350 31 60 63 46 28 0 352 15 43 58 50 46 47 40 37 57 29 268 261 259 264 278 247 264 281 282 282 291 300 301 302 314 355 23 15 355 2 33 43 39 40 49 65 37 4 6 18 20 30 36 34 28 40 46 26 19 25 28 38 38 31
32 40 45 54 288 276 296 250 257 267 195 178 178 152 138 327 324 309 343 345 348 26 61 57 326 305 307 315 310 317 348 8 3 3 354 28 66 71 54 12 352 1 15 68 61 50 57 54 44 43 62 45 283 280 271 271 262 253 250 260 271 283 287 294 295 299 309 345 21 359 344 9 33 33 34 56 56 63 63 18 1 8 15 23 28 26 40 57 54 358 6 27 35 43 38 27
47 50 56 64 317 258 258 236 220 201 187 189 179 158 0 287 289 284 312 328 337 29 61 51 334 311 306 306 302 301 303 326 338 356 0 59 73 61 38 356 345 29 63 107 81 62 89 77 61 61 71 58 47 4 289 276 268 296 287 281 280 289 288 290 292 293 298 333 14 353 353 183 212 318 25 53 63 63 47 9 1 7 11 20 28 31 76 83 63 331 352 352 29 54 52 38
150 145 83 90 50 19 274 271 225 196 77 180 180 153 345 294 278 284 259 273 299 285 356 50 47 352 313 309 308 305 304 314 319 340 8 59 73 61 25 344 15 91 108 120 138 129 104 95 90 82 54 49 49 4 300 292 294 328 317 301 291 300 297 294 294 287 284 286 266 141 157 183 237 275 7 49 57 51 31 4 1 5 13 25 45 45 96 104 98 28 323 348 36 67 61 31
150 176 131 37 28 30 15 23 317 319 77 5 357 11 10 10 331 294 303 268 267 277 312 43 45 5 317 311 308 310 307 310 299 311 23 71 80 80 66 343 348 61 98 111 137 126 104 56 62 57 50 57 62 14 313 312 320 340 340 334 321 319 310 301 270 268 271 273 193 161 165 189 270 283 347 46 47 39 20 14 3 3 15 23 47 80 104 106 81 327 320 352 52 70 53 12
68 56 66 358 22 24 22 36 357 357 343 20 355 351 26 27 351 330 347 334 293 271 266 43 47 5 324 308 309 304 301 301 285 284 297 0 91 87 46 348 6 70 93 92 38 3 32 49 53 46 70 76 76 67 320 315 317 318 334 333 327 302 292 279 270 258 259 242 173 164 181 234 271 271 259 240 301 25 30 10 5 9 15 54 85 98 103 93 342 318 324 6 64 66 35 35
49 28 0 0 338 24 11 15 53 10 329 18 344 328 46 42 352 344 341 356 351 271 253 236 35 318 347 332 305 293 291 292 299 292 315 50 73 53 3 348 34 79 89 61 345 341 341 33 61 63 68 72 75 35 300 302 306 318 281 294 303 247 241 243 249 256 238 238 179 171 180 235 249 244 234 240 310 3 22 6 7 18 32 90 104 105 94 28 324 324 326 338 31 70 54 15
68 21 353 330 284 18 339 73 83 28 301 20 338 278 188 37 341 334 319 319 356 27 14 329 282 310 317 330 310 299 296 304 335 329 342 47 26 12 357 0 26 70 87 81 45 338 329 47 66 68 66 64 68 356 272 269 271 273 241 251 253 251 239 237 246 256 238 204 180 185 222 250 258 258 274 291 303 345 9 7 18 41 67 90 98 102 89 60 336 323 331 355 42 62 40 2
0 0 318 300 0 295 293 96 86 27 284 0 0 95 244 243 294 320 315 312 340 21 18 12 347 330 310 319 316 310 303 320 335 353 353 3 3 359 0 3 71 90 92 80 38 342 332 36 57 65 66 66 68 351 260 260 250 245 261 265 262 257 242 252 261 228 209 189 180 277 291 279 333 305 294 294 283 283 313 324 18 50 76 90 92 92 89 13 320 321 326 5 44 55 30 359
0 288 296 281 331 327 327 21 60 67 41 262 198 125 244 287 292 307 315 311 317 2 13 23 13 339 317 316 316 325 321 308 316 330 357 8 354 347 0 30 94 97 94 66 29 356 355 19 43 43 62 67 61 59 45 292 263 260 282 285 279 232 246 258 251 201 201 204 225 307 319 319 320 343 329 298 299 288 291 302 39 73 86 85 84 79 70 356 308 310 298 359 359 47 44 22
229 267 291 308 326 334 343 21 59 62 53 0 207 0 292 294 294 303 262 260 276 317 279 348 33 20 324 314 317 316 326 318 313 329 351 5 355 355 29 78 104 101 90 90 52 28 6 11 13 39 63 62 45 42 46 9 280 277 265 259 243 232 247 238 214 198 202 219 250 272 286 299 265 291 321 312 286 284 284 302 46 73 81 76 75 70 70 55 358 295 269 265 297 45 29 23
229 287 299 310 292 306 0 39 94 77 60 39 331 315 302 273 273 275 273 221 242 261 266 250 75 14 306 305 308 292 304 316 321 321 340 358 355 2 29 79 99 99 95 78 38 21 5 19 22 47 68 46 28 34 46 40 283 266 250 250 233 224 225 219 207 233 250 259 265 261 259 261 265 240 253 277 253 260 266 276 273 16 69 75 69 67 64 38 14 303 269 262 270 4 24 50
276 295 290 287 252 225 0 0 126 94 94 49 25 343 298 279 265 256 235 270 278 275 257 219 200 311 310 312 301 284 280 280 293 295 302 318 345 33 81 96 90 84 75 52 36 19 5 29 33 54 63 26 26 17 32 49 54 330 270 241 229 227 214 216 219 309 323 314 277 289 264 250 242 259 259 248 303 290 280 273 267 225 86 80 62 58 51 27 20 2 286 293 288 318 58 58
302 288 274 264 286 274 231 192 0 0 85 49 14 4 315 334 289 281 266 315 304 288 263 251 277 277 303 306 319 316 312 291 289 294 298 305 330 75 90 92 79 74 62 40 45 16 16 9 29 34 47 28 18 18 34 47 55 32 353 249 225 218 242 265 289 309 316 339 339 332 324 305 292 330 332 322 333 322 306 288 228 203 115 80 60 50 39 24 23 23 24 14 322 305 332 71
304 294 296 293 317 339 12 40 56 0 0 5 11 15 348 9 315 308 325 307 312 307 283 289 297 299 295 298 317 338 333 301 290 276 282 291 321 69 77 81 69 70 67 59 51 38 6 12 20 22 27 23 21 21 30 44 49 37 26 21 227 225 292 267 272 281 258 270 304 275 306 317 324 322 337 339 323 305 274 243 221 217 140 140 156 69 40 21 25 27 34 19 336 316 3 56
285 303 312 313 317 340 21 45 57 33 333 339 22 22 5 339 26 331 299 297 290 286 283 288 296 295 284 289 307 338 334 313 283 288 288 275 272 309 35 60 69 64 60 52 50 27 357 8 8 14 18 21 22 25 31 38 38 38 31 34 37 33 22 261 251 252 250 249 252 271 282 293 306 292 308 320 323 203 201 203 220 230 212 182 211 271 1 0 17 25 32 23 348 328 3 42
294 298 299 300 311 318 27 27 56 54 28 324 324 36 333 339 33 341 315 323 299 266 272 286 290 287 277 272 272 280 260 292 321 313 311 296 282 317 16 52 62 61 51 47 45 18 353 0 1 11 11 17 19 24 30 33 27 24 27 52 47 43 56 267 251 252 272 268 266 293 290 290 288 295 283 255 223 188 192 202 236 215 196 196 264 281 315 294 351 14 28 27 0 0 350 27
292 259 259 268 280 271 280 22 64 49 27 344 7 18 316 332 8 334 332 339 346 299 299 304 293 296 309 289 266 256 270 272 294 313 299 311 307 322 10 53 62 55 42 43 41 40 16 350 342 355 10 17 20 28 33 37 27 29 45 82 68 58 75 30 273 273 289 287 289 290 293 297 299 286 235 194 189 194 208 229 218 204 213 242 264 254 254 257 260 295 355 24 23 8 12 23
258 263 270 273 270 253 244 221 64 45 16 4 29 10 319 346 347 0 323 316 340 0 339 340 312 306 309 315 294 280 307 295 282 284 296 304 313 316 316 12 54 54 48 39 41 37 18 352 334 349 11 18 25 37 40 62 53 68 82 98 94 85 77 90 348 297 304 291 286 288 283 287 291 222 166 176 186 228 247 242 242 221 246 271 223 216 220 238 269 272 294 281 0 6 16 20
255 299 302 300 266 248 230 207 176 226 226 302 257 40 13 322 336 3 333 327 329 349 352 351 333 315 317 321 314 308 309 319 319 317 326 312 297 301 309 13 50 51 48 43 43 32 21 2 337 348 9 11 51 51 68 98 97 101 102 96 86 84 92 79 316 311 319 307 287 281 288 282 275 159 159 154 179 242 250 239 221 260 266 245 209 221 245 263 273 255 243 244 278 338 8 10
