FireInput/terrain.asc
ncols        299
nrows        265
xllcorner    460156.000000000000
yllcorner    4612006.000000000000
cellsize     30.000000000000
NODATA_value  -9999
[rows 172 to 214 of 265, columns 0 to 95 of 299]
338 324 314 323 330 328 331 336 339 348 16 92 118 124 128 133 144 166 169 165 165 162 160 157 152 152 150 147 148 150 151 148 144 148 148 151 150 153 150 142 132 128 128 123 77 50 50 61 77 95 109 92 14 358 306 317 341 16 45 59 350 339 54 54 90 111 108 124 128 125 103 102 94 129 160 173 172 163 137 104 114 109 104 96 87 56 49 55 59 53 39 20 24 66 72 71
351 337 324 326 328 327 327 333 339 25 78 109 119 125 125 128 126 136 158 167 168 165 161 157 152 152 146 146 147 150 147 146 144 144 141 146 146 149 155 152 146 130 122 108 31 30 41 59 76 85 36 12 10 15 343 327 332 332 29 90 34 333 19 64 78 89 60 81 94 100 83 90 102 115 140 163 173 148 148 144 116 120 122 110 60 50 59 62 58 50 37 37 45 67 73 52
354 343 332 329 328 326 321 321 321 0 105 114 119 118 121 124 124 130 151 164 167 164 161 159 154 152 146 146 147 147 146 145 145 145 142 138 139 130 141 143 140 111 95 49 31 15 32 55 77 16 348 348 357 12 23 15 337 332 96 78 340 330 19 48 48 55 66 71 77 79 83 84 84 55 54 65 81 68 88 109 116 84 79 73 55 64 75 69 61 52 43 43 45 54 54 46
352 347 347 339 333 332 324 304 292 178 145 129 119 112 113 118 118 125 145 145 160 162 161 160 160 152 147 131 136 143 117 133 140 142 113 119 119 72 82 98 111 75 40 11 10 0 11 47 91 43 340 343 357 17 32 31 22 90 105 9 326 330 32 45 48 60 103 90 80 78 68 69 61 51 51 53 56 85 87 85 86 67 59 59 68 75 78 71 65 56 52 45 40 41 46 53
345 353 353 346 339 308 0 217 207 180 162 139 119 109 110 114 96 100 100 118 89 117 142 75 111 123 126 75 80 95 56 66 80 97 49 59 68 72 67 67 78 83 52 10 357 14 49 90 87 336 331 343 358 20 36 31 58 78 72 341 341 329 341 102 117 121 84 56 40 52 54 51 50 51 64 64 72 97 108 102 83 105 105 88 92 86 84 78 56 46 48 45 36 43 50 66
347 0 3 343 323 188 176 176 184 186 169 169 145 120 106 100 84 77 72 74 55 53 59 42 45 65 75 52 51 51 56 40 39 39 41 41 42 47 73 86 93 59 19 355 357 74 108 109 87 317 327 342 357 20 20 41 54 56 53 9 339 333 20 136 128 108 84 27 35 48 64 57 60 64 72 74 74 96 104 120 127 117 112 104 92 82 80 71 48 41 38 34 40 50 61 85
349 9 148 175 191 185 183 172 173 193 191 178 152 137 115 97 106 89 69 59 53 47 45 51 45 50 54 64 61 51 43 54 47 41 54 48 50 60 94 91 83 17 359 358 22 114 118 107 107 321 320 330 346 355 17 42 47 46 36 14 1 61 130 49 14 22 27 61 69 70 99 91 82 80 99 94 93 111 111 119 122 87 80 82 82 65 67 59 46 40 32 32 45 48 61 91
288 0 161 159 171 185 182 170 177 195 193 188 172 160 144 126 141 124 86 62 78 78 69 61 98 79 68 108 99 87 60 139 111 69 132 107 96 94 103 82 52 17 4 357 36 119 124 115 31 321 325 334 340 351 17 39 47 47 35 14 98 126 120 353 353 8 30 114 117 109 120 113 105 101 122 125 118 111 98 95 95 69 65 64 61 59 60 60 60 52 49 45 57 53 76 91
182 169 162 161 169 182 183 168 177 191 195 192 183 173 166 166 174 165 162 154 156 136 124 113 150 142 127 141 141 160 164 171 171 160 166 155 155 137 130 105 71 39 0 135 117 127 126 36 326 317 320 329 325 344 23 41 62 62 62 59 123 128 92 329 358 59 97 121 128 128 129 125 117 115 137 142 128 108 83 83 79 82 75 70 65 71 68 66 82 79 75 70 90 93 95 99
175 167 163 162 168 180 186 164 167 155 186 198 191 183 178 176 174 178 182 181 165 155 153 153 165 159 150 144 148 165 165 170 178 179 175 169 162 150 146 121 93 74 157 150 131 113 1 332 321 310 305 313 313 306 336 43 87 93 96 103 127 57 330 302 97 104 111 105 116 128 129 123 121 121 125 135 146 130 125 102 89 95 94 91 81 96 90 86 82 108 99 92 120 120 120 101
166 166 162 162 167 170 179 186 162 155 180 191 184 181 183 182 180 186 188 180 164 158 161 167 171 167 158 150 140 140 154 151 172 178 175 159 157 156 164 163 148 149 160 152 134 134 1 338 326 315 306 293 295 267 270 85 106 116 120 123 49 324 312 302 138 112 103 91 89 96 109 117 124 123 100 100 128 145 151 135 108 95 108 111 105 118 113 111 111 127 125 113 120 137 132 106
123 139 114 139 161 169 167 180 161 150 166 171 174 173 182 183 182 188 188 186 173 163 158 164 174 167 156 147 135 128 132 103 121 158 167 119 130 147 143 143 167 166 152 152 140 48 352 340 322 328 315 292 273 250 222 120 119 124 128 121 339 339 313 280 149 130 103 96 95 93 99 124 123 112 65 71 96 139 155 161 127 108 126 118 119 133 135 127 122 91 104 106 99 115 125 123
85 97 114 87 118 148 124 158 158 149 144 146 146 109 133 162 175 152 172 178 173 162 157 165 174 167 156 146 134 122 113 65 66 66 74 46 56 73 99 82 121 152 70 4 344 350 357 353 340 355 344 317 271 268 225 225 128 125 126 129 333 332 328 0 109 111 99 110 109 105 109 118 109 81 65 68 68 82 93 131 175 146 138 125 127 122 119 98 87 56 63 88 99 73 92 111
68 74 78 73 76 93 67 73 87 120 70 90 100 62 63 73 108 79 115 157 169 158 158 165 164 164 156 156 133 124 107 51 57 59 51 41 45 55 66 68 57 63 22 337 334 347 359 359 359 5 12 16 2 319 284 161 129 123 122 0 334 347 24 86 102 114 111 120 118 115 115 98 80 58 49 60 76 83 83 86 146 152 138 127 127 64 42 39 53 74 77 80 80 81 77 85
70 73 75 73 70 67 61 56 54 56 51 54 57 62 53 52 58 68 76 99 144 93 118 138 98 115 128 133 62 65 56 51 47 48 46 75 73 72 72 65 48 47 353 353 324 324 330 352 0 5 35 48 35 354 0 119 123 116 40 329 348 22 69 92 109 115 125 123 123 118 111 50 35 30 38 74 87 88 74 74 99 139 86 92 81 64 36 35 50 98 104 101 90 96 96 95
69 72 73 63 63 62 65 59 53 51 53 53 56 56 59 59 60 91 90 86 84 78 78 85 62 45 43 52 37 36 38 45 66 73 75 112 107 107 94 64 58 63 30 330 316 313 318 342 1 12 63 56 38 69 149 124 118 56 56 334 339 16 73 98 116 122 125 126 82 78 69 22 24 35 51 89 90 83 66 66 68 68 35 45 47 39 45 57 81 103 106 107 96 98 104 104
37 48 57 59 61 63 65 45 39 39 47 54 57 60 72 76 83 98 101 96 87 94 90 79 62 26 29 36 41 46 54 54 87 96 106 73 70 70 70 54 65 71 30 334 324 313 313 329 12 46 66 47 47 62 90 131 125 78 331 330 339 66 90 101 83 94 98 93 46 44 36 24 40 40 63 103 95 81 69 63 63 50 35 46 50 46 69 92 102 101 93 90 92 91 105 105
23 42 54 63 70 74 73 36 25 31 56 60 62 67 81 88 93 98 94 94 93 100 96 79 52 50 17 26 99 90 86 86 77 73 75 73 38 41 47 62 68 54 358 338 335 323 335 309 299 77 98 63 41 62 75 96 106 343 318 324 350 72 74 75 56 64 66 66 63 48 40 32 73 95 102 89 72 61 59 67 61 44 39 54 59 57 84 102 108 108 72 79 85 71 72 84
354 29 52 74 76 71 57 26 29 44 71 67 67 73 82 84 88 91 91 91 93 96 92 83 70 75 0 123 143 135 118 95 53 54 51 42 51 50 53 63 63 62 34 343 337 341 356 319 0 131 123 0 45 62 72 81 79 324 310 315 24 49 63 53 77 78 71 68 79 61 53 56 105 107 102 50 48 55 63 73 56 37 44 44 57 60 57 62 66 66 60 70 72 55 54 56
356 45 66 73 65 53 39 46 56 68 71 80 78 78 84 83 85 90 102 96 96 93 86 77 72 75 114 148 143 100 91 69 64 69 69 63 74 62 56 62 69 62 21 339 338 347 356 0 151 143 176 0 0 65 84 84 80 50 321 302 299 0 66 69 77 100 91 84 87 82 90 98 75 71 63 51 62 62 73 89 71 46 35 47 58 58 41 40 42 48 69 70 65 36 33 39
5 58 72 62 54 50 47 73 74 78 81 100 97 90 98 96 102 107 113 105 98 73 66 59 59 72 81 87 87 42 51 53 55 70 82 82 66 51 55 76 77 55 358 342 347 9 49 141 150 150 175 198 217 0 135 109 88 47 315 289 275 0 90 99 104 92 94 92 91 84 86 86 60 49 51 70 78 91 94 71 50 36 37 54 58 50 38 41 50 61 73 70 70 48 31 37
348 23 62 67 64 62 68 103 111 116 107 118 112 106 121 120 121 118 83 80 79 73 45 43 45 65 66 46 28 42 54 53 46 62 74 75 53 47 65 76 47 16 351 4 10 51 108 126 144 159 181 204 221 201 155 129 97 47 285 264 257 183 135 104 94 124 119 114 129 112 97 81 78 49 62 70 91 88 82 55 43 39 46 67 60 45 50 48 56 65 76 73 64 48 43 59
15 49 65 67 98 97 99 119 126 135 130 123 123 123 121 124 124 119 51 43 46 47 46 49 57 56 41 22 20 52 54 46 46 63 70 65 67 67 76 81 35 11 4 70 97 120 121 127 139 161 181 235 219 192 164 144 114 0 209 209 218 178 177 168 142 151 147 142 129 144 140 122 164 126 99 93 76 61 59 66 66 58 56 66 69 64 50 62 69 75 80 70 56 45 46 42
86 108 105 100 129 122 116 118 120 125 125 126 129 132 134 120 100 66 38 37 42 45 81 75 67 43 38 28 33 57 51 51 45 66 75 74 75 77 81 69 11 12 25 126 131 137 130 120 108 57 0 30 140 140 153 173 164 150 159 174 180 171 175 176 163 159 158 154 148 164 172 170 185 162 162 118 97 67 59 95 82 70 65 64 67 64 60 79 81 82 77 62 49 43 39 39
116 137 141 133 142 139 128 120 109 111 120 126 130 131 129 96 58 42 47 57 75 83 110 74 50 50 50 55 51 52 56 59 58 87 89 81 72 53 32 18 29 65 110 126 116 124 127 80 59 17 358 106 102 113 166 190 185 174 165 163 169 171 172 172 165 162 162 160 160 161 172 181 187 188 180 144 154 124 104 95 114 90 72 92 79 73 75 110 101 101 101 76 55 41 48 43
109 123 137 144 143 138 127 116 107 109 119 117 122 123 114 55 30 38 68 68 96 118 100 56 30 36 64 65 58 56 63 70 77 98 93 82 50 27 11 11 82 82 86 93 65 62 74 48 29 12 0 151 151 148 182 200 189 178 164 159 166 171 165 165 163 162 161 155 153 152 167 180 187 189 191 180 180 164 143 130 153 138 115 158 155 133 110 129 132 131 133 92 67 51 78 60
109 122 132 140 142 135 123 114 113 109 112 112 114 114 115 55 14 25 45 93 104 109 30 14 22 48 77 74 64 70 80 90 97 99 99 84 66 41 35 27 131 112 91 73 72 60 54 68 78 118 138 130 145 159 182 195 195 184 167 154 149 157 153 155 158 160 155 148 143 147 158 178 187 188 193 190 183 183 172 161 169 164 161 157 170 167 146 133 135 150 133 133 112 103 119 83
116 120 128 138 141 136 128 128 132 124 114 112 112 109 100 12 9 47 75 97 88 62 22 31 49 69 91 86 86 98 105 107 110 102 83 58 45 63 86 119 155 147 128 96 157 122 77 122 113 116 116 99 103 118 150 157 184 182 159 144 141 148 139 146 155 166 158 153 147 150 154 154 174 179 186 190 187 185 177 172 178 159 150 148 173 184 159 140 136 158 163 148 136 136 143 140
115 112 116 124 135 138 135 132 132 127 117 112 108 93 50 22 48 88 98 64 49 31 49 57 73 85 106 100 96 98 123 120 111 71 45 36 45 98 121 146 162 165 166 167 176 186 188 163 151 115 105 108 104 107 124 104 149 171 152 144 138 136 141 152 163 163 169 163 162 161 155 156 168 172 178 183 185 188 187 186 182 163 145 148 177 194 171 178 150 139 161 153 139 135 129 141
111 108 109 118 135 126 125 128 126 121 112 110 76 42 16 47 47 63 70 51 54 49 49 90 94 102 111 111 111 117 113 111 95 48 38 45 74 123 123 135 152 151 157 164 158 188 203 200 193 135 117 129 111 95 88 85 112 146 152 148 150 140 135 141 153 164 167 162 164 154 153 156 163 161 169 176 185 186 193 192 180 180 168 152 149 175 191 180 163 154 165 149 127 117 129 146
108 102 103 107 121 128 123 123 105 100 100 92 71 56 32 55 45 50 50 88 86 87 90 91 100 106 116 119 117 115 86 74 74 52 68 90 115 132 128 132 143 100 103 120 94 152 204 216 200 170 147 144 115 115 78 86 92 106 127 147 163 146 127 132 144 159 164 158 157 144 146 148 152 144 165 165 176 170 175 184 170 172 169 155 141 164 185 176 177 181 180 163 135 126 135 159
99 94 97 104 104 115 123 118 77 74 76 77 82 70 57 55 61 80 86 131 120 98 86 105 107 110 116 116 118 112 77 67 61 52 119 131 136 122 112 107 104 65 68 76 89 108 182 182 199 197 181 161 168 142 90 101 103 110 122 148 171 146 135 137 142 156 166 153 153 144 146 145 138 124 124 152 176 172 167 167 150 153 162 149 124 141 164 176 184 199 199 197 177 154 144 151
96 95 93 95 101 75 79 81 70 75 80 84 92 90 81 69 135 123 123 122 122 142 131 146 128 121 123 115 108 94 96 94 98 110 128 133 132 84 81 76 71 91 105 100 127 106 105 141 167 186 183 175 208 200 111 118 117 121 126 154 181 148 152 137 139 143 162 176 161 147 162 158 139 136 111 119 158 171 173 160 140 133 139 127 118 112 122 137 135 176 198 191 178 168 158 138
104 105 97 91 81 64 65 66 70 87 93 93 100 99 99 102 98 109 104 79 95 133 165 159 146 135 123 120 115 107 132 124 128 130 96 96 93 57 68 74 80 111 129 140 127 123 111 118 90 130 164 190 214 208 145 141 141 132 132 145 163 187 152 132 130 139 149 171 166 161 181 174 154 174 127 111 136 165 165 183 170 154 145 143 129 110 107 113 128 161 187 187 176 182 173 120
120 105 100 86 68 76 74 74 74 79 89 99 97 96 90 90 47 47 65 79 88 108 150 142 148 142 131 129 132 132 131 125 114 106 60 61 53 57 86 89 97 101 118 138 146 114 104 90 62 73 73 102 115 194 200 173 161 145 146 159 171 188 159 135 119 122 121 147 162 173 186 177 177 173 197 163 124 136 162 190 181 163 160 160 146 119 108 112 115 141 180 187 186 186 219 0
132 112 131 104 85 90 86 78 74 71 79 90 80 79 70 61 20 33 56 76 84 90 110 90 112 131 140 124 121 122 118 114 94 61 108 93 83 84 100 89 88 82 91 101 101 77 79 70 61 64 66 79 86 138 189 184 160 151 156 154 176 189 170 155 131 115 142 125 126 145 163 177 176 187 200 172 140 145 168 192 181 168 171 170 160 127 105 105 101 109 121 163 171 209 239 182
172 149 164 114 91 74 74 68 65 69 73 77 80 68 52 35 5 5 38 63 78 78 80 86 95 104 113 91 104 111 118 123 131 128 149 145 136 114 117 87 68 70 77 77 75 75 75 66 61 76 73 75 66 67 101 172 101 118 135 103 103 163 191 175 167 160 142 150 137 137 152 163 176 198 193 170 150 155 176 194 181 184 170 180 178 180 0 99 112 115 116 135 139 188 220 189
164 163 210 147 76 58 59 56 61 79 79 79 77 76 62 36 353 7 54 74 83 79 80 91 84 77 79 86 98 112 118 122 122 145 130 138 146 146 81 60 57 77 79 76 72 88 90 82 77 81 75 68 57 49 49 46 55 55 60 71 85 121 183 171 166 169 166 163 152 145 152 147 169 196 185 185 172 166 165 182 198 194 164 182 190 196 172 120 127 123 120 116 78 135 204 213
162 180 226 227 59 59 130 82 65 114 104 93 83 86 66 21 326 37 78 84 93 96 95 91 76 68 68 86 85 83 82 82 97 115 76 87 100 110 24 42 63 77 82 79 80 88 92 90 90 90 82 75 75 60 57 58 77 64 63 71 89 104 158 165 160 168 173 165 159 159 164 159 143 153 157 180 177 166 174 191 209 217 0 0 186 192 176 145 139 130 130 0 339 51 86 178
171 169 208 215 211 193 183 165 139 151 137 121 100 117 108 0 199 163 108 92 113 109 113 110 109 98 90 96 83 66 66 67 67 68 55 55 48 30 21 43 70 83 85 83 79 80 86 92 95 103 98 90 102 99 97 91 118 98 81 83 96 103 135 123 154 157 167 177 159 154 156 158 140 135 137 171 181 173 181 200 217 216 191 155 155 174 183 170 156 156 0 0 295 56 79 100
164 181 209 206 201 196 191 183 168 162 156 153 136 154 154 168 197 192 184 150 133 115 113 113 118 122 106 67 58 51 60 47 46 50 55 43 43 34 27 31 53 76 86 85 80 82 83 88 101 119 116 108 102 126 125 122 142 142 149 117 111 102 104 116 138 151 167 195 146 132 156 156 145 129 129 155 176 176 174 183 204 212 208 189 171 185 180 165 156 176 218 273 243 118 83 80
162 191 217 200 193 193 189 189 189 177 165 158 160 160 169 178 189 192 191 173 143 114 106 107 84 64 64 67 25 30 30 35 35 36 44 50 39 31 49 54 68 80 91 90 85 82 96 102 114 135 135 135 128 140 134 132 133 143 157 135 117 109 107 116 127 145 171 220 145 122 141 148 148 146 133 131 147 170 175 189 208 212 203 187 180 192 181 165 161 192 235 257 173 169 169 136
162 203 216 218 190 177 170 186 196 187 176 158 155 154 167 178 187 193 197 186 160 116 98 98 54 26 10 18 18 25 29 46 42 43 50 71 56 48 105 96 91 90 105 102 96 96 115 117 125 145 150 154 148 145 134 131 123 129 138 130 108 107 108 113 127 146 146 196 214 165 135 140 145 145 143 140 147 167 180 199 210 207 198 186 186 198 184 167 167 171 206 234 160 152 169 171
