FireInput/terrain.asc
ncols        299
nrows        265
xllcorner    460156.000000000000
yllcorner    4612006.000000000000
cellsize     30.000000000000
NODATA_value  -9999
[rows 215 to 257 of 265, columns 192 to 287 of 299]
5 19 29 14 2 3 8 13 7 0 351 331 327 344 1 359 350 333 333 330 330 326 317 235 204 0 22 308 317 324 113 119 122 126 124 126 132 133 139 139 137 146 133 123 117 63 42 29 31 346 311 317 342 344 335 341 334 322 283 288 263 263 247 254 241 238 241 233 230 230 256 255 247 230 237 246 252 250 243 238 236 227 227 225 228 237 250 268 264 273 284 272 281 296 316 293
333 358 22 11 0 1 2 7 6 3 355 334 341 327 331 355 357 351 339 325 320 317 291 183 195 208 235 253 273 282 101 107 115 115 106 109 113 91 107 124 140 144 140 125 102 10 17 27 46 3 311 325 333 344 346 337 339 347 347 337 316 300 281 317 285 256 262 244 241 248 254 246 236 240 252 256 256 241 235 235 234 227 226 226 237 242 247 254 257 260 265 261 264 266 277 244
293 358 9 12 2 345 345 349 358 357 1 354 344 333 328 344 345 342 334 325 261 197 173 182 200 215 230 253 265 274 347 95 100 103 81 82 86 91 81 96 117 91 55 24 13 11 26 41 58 58 23 304 287 308 330 337 325 346 354 345 327 316 317 324 331 307 318 277 262 258 269 249 238 235 252 252 247 234 229 230 231 231 232 235 251 255 256 256 257 255 257 257 251 250 250 243
261 263 239 218 0 243 289 320 340 327 343 346 333 331 326 334 300 305 289 274 210 210 160 153 191 219 239 284 288 292 156 97 88 83 68 68 71 73 82 86 91 12 4 4 4 21 37 53 67 63 43 305 277 284 307 319 317 333 349 345 339 319 311 303 303 317 326 332 315 295 305 281 259 252 263 249 240 239 231 232 232 237 242 246 256 256 258 259 259 259 256 252 245 245 245 259
253 249 211 202 210 237 251 267 291 257 286 313 333 292 280 280 225 225 197 202 218 200 150 166 229 266 280 285 279 262 156 102 78 70 81 81 82 82 101 96 86 30 354 4 14 45 59 67 67 52 46 345 287 279 299 315 327 325 325 334 338 338 329 332 325 318 326 327 315 310 317 322 312 288 312 286 256 284 250 250 240 252 244 246 251 254 254 255 266 262 256 250 268 267 262 283
252 230 200 206 220 237 248 246 245 251 262 271 277 226 209 212 237 201 172 195 223 187 151 166 268 284 287 260 236 218 194 226 118 88 111 106 103 102 111 105 83 30 344 8 31 49 49 53 55 32 38 33 47 327 280 295 323 342 340 334 350 338 331 337 342 347 343 350 328 314 311 306 318 318 317 329 334 326 341 317 277 311 279 266 259 295 281 272 297 284 276 270 299 297 292 292
212 202 207 207 222 236 249 248 246 275 279 273 251 204 204 221 241 167 162 207 215 171 161 213 278 278 281 245 228 218 226 249 136 117 111 109 110 111 106 98 56 352 339 9 41 49 49 39 43 40 25 38 60 19 284 293 310 337 347 350 1 350 335 341 342 355 1 8 3 346 350 340 304 297 295 305 327 347 345 343 333 338 331 316 308 326 318 309 316 316 310 305 309 305 303 300
202 194 205 218 231 243 260 261 266 276 265 237 211 209 226 247 241 157 169 169 226 187 167 195 274 267 256 232 229 242 255 263 123 113 111 90 96 103 90 64 64 354 335 337 19 60 48 37 46 42 27 47 60 50 282 286 293 318 340 355 1 1 358 0 347 341 354 14 7 354 350 358 344 305 308 300 308 332 331 340 337 334 340 340 334 327 325 326 323 317 312 311 308 307 306 298
195 197 221 237 249 256 272 275 278 263 232 204 204 207 232 249 246 169 162 199 204 174 198 263 254 245 238 272 277 284 283 322 84 86 86 83 85 85 77 65 3 339 345 352 38 54 48 48 54 40 35 61 72 54 282 282 279 288 304 326 337 353 1 3 347 340 356 15 8 356 355 359 3 337 326 312 315 315 328 330 334 328 328 336 335 327 321 322 323 320 312 309 311 311 310 291
196 208 266 275 277 274 282 277 275 274 254 205 195 237 252 253 220 150 177 232 173 189 245 259 259 265 270 272 306 303 300 292 0 86 82 88 86 80 64 31 345 340 0 23 49 54 64 64 56 43 42 59 77 83 48 286 281 286 295 313 322 341 1 3 348 339 357 14 10 359 352 353 358 8 11 340 317 325 332 336 334 328 324 331 333 327 321 318 321 321 315 311 315 315 317 321
202 225 251 298 293 289 292 289 286 278 214 185 209 243 251 246 185 143 213 231 173 228 228 254 283 290 294 301 302 299 294 204 181 131 93 78 71 67 64 5 338 342 21 21 50 59 66 65 55 40 56 80 88 87 34 287 281 285 290 304 306 327 355 2 350 350 340 351 10 12 2 357 358 9 20 356 319 320 321 331 331 325 326 332 333 335 335 328 320 321 321 318 321 321 322 353
290 301 300 305 299 296 300 296 291 273 181 195 230 235 249 234 234 146 153 214 204 225 265 276 297 298 297 299 285 277 244 190 205 192 84 64 61 61 61 45 347 329 345 43 64 66 51 42 41 55 77 91 94 78 8 287 284 281 284 284 279 287 304 338 336 346 342 346 5 12 5 1 0 11 20 8 324 310 305 319 319 326 324 329 335 338 342 335 325 325 324 322 321 326 330 68
312 314 312 312 308 307 293 281 259 212 187 188 213 226 252 254 212 143 161 204 206 275 287 293 301 300 291 285 232 209 190 190 207 238 255 19 53 55 56 42 340 318 353 66 76 68 37 29 40 55 91 91 85 64 62 9 285 276 276 276 267 270 278 302 294 325 336 346 357 9 6 2 5 15 15 24 13 342 329 306 310 320 316 323 330 338 345 339 329 329 328 326 324 338 22 22
315 318 318 312 312 308 268 251 226 204 192 204 223 234 259 240 183 149 167 223 252 293 295 297 300 300 291 259 207 204 192 188 238 258 272 337 46 48 52 42 345 313 27 81 81 66 47 22 26 54 92 90 71 50 54 27 284 272 272 270 259 258 260 270 268 286 312 334 285 325 353 324 347 4 18 18 12 0 350 328 315 313 310 311 319 332 340 339 332 329 329 331 329 332 18 94
313 315 317 266 264 267 268 202 196 193 208 222 240 255 239 209 169 164 233 233 284 295 296 299 300 266 203 200 195 199 195 207 267 276 282 288 45 46 49 40 40 354 316 55 76 68 37 27 42 78 83 63 43 47 54 43 288 269 268 265 259 253 253 254 264 267 270 273 231 239 270 254 291 340 12 6 8 3 350 341 327 318 319 319 311 312 315 326 330 325 328 334 333 18 117 124
293 286 275 220 232 239 225 185 191 200 226 237 251 251 235 210 188 208 289 316 306 298 300 302 296 180 179 187 192 202 215 244 278 282 282 244 232 0 40 56 44 0 334 50 60 50 48 50 62 81 63 30 30 46 52 53 53 4 269 264 259 257 258 260 263 258 249 238 221 227 235 242 253 277 340 333 358 358 3 355 346 340 343 330 317 311 320 323 325 324 329 341 347 116 127 130
232 218 215 229 240 235 205 191 179 195 223 225 235 243 221 200 191 208 309 321 307 301 299 293 230 165 178 186 189 203 227 252 273 270 264 244 220 228 0 176 125 329 353 52 55 49 56 57 57 69 62 50 13 27 49 53 55 46 269 260 257 258 261 264 251 240 230 224 229 233 238 238 248 250 258 265 287 331 354 346 347 346 344 336 326 320 327 327 326 324 332 356 59 119 120 125
206 206 204 238 250 245 223 180 180 205 223 221 234 236 229 222 254 291 300 315 308 295 295 280 216 151 157 175 189 240 262 272 269 259 237 212 219 217 197 198 222 280 343 47 47 50 50 49 50 50 56 33 6 32 56 59 60 58 283 264 260 254 255 256 251 253 243 236 288 285 269 253 280 263 259 270 270 290 327 323 344 347 344 339 334 329 329 328 328 327 332 344 123 139 125 123
208 200 215 247 245 231 200 176 189 214 217 235 245 241 266 283 283 292 288 293 305 287 267 220 171 146 151 175 209 268 273 273 247 229 208 205 214 205 205 210 229 258 278 313 35 41 43 42 43 49 51 22 11 41 60 62 64 56 318 318 278 288 278 268 261 290 287 287 316 321 321 304 321 297 278 288 273 272 290 292 292 327 343 331 334 332 321 325 326 328 122 145 151 147 134 124
204 212 239 247 229 209 182 183 205 216 216 242 256 258 275 280 289 290 293 294 294 287 214 189 162 148 155 199 253 272 266 259 233 221 207 203 213 207 206 210 293 295 293 317 18 35 39 42 46 54 46 22 25 25 56 59 60 61 56 338 292 302 305 302 296 315 312 312 308 316 329 332 338 329 329 308 311 296 279 287 279 294 323 305 312 316 312 320 319 321 138 135 145 147 139 131
216 233 241 234 223 215 195 194 209 233 234 297 285 277 296 294 295 295 297 293 281 255 190 182 159 154 154 179 255 283 262 243 218 212 211 216 215 226 252 277 315 315 309 334 5 30 39 34 45 55 58 42 30 40 49 54 58 60 55 349 297 297 305 310 315 319 317 309 317 307 307 319 320 335 337 324 317 316 307 304 288 283 292 292 296 301 298 304 274 173 168 142 119 124 120 131
238 233 233 226 219 207 195 297 315 312 306 324 316 304 296 303 299 299 254 250 250 234 174 188 179 161 180 261 285 264 222 218 218 214 220 219 254 280 295 306 314 314 320 323 339 4 24 39 50 61 58 45 40 45 53 59 63 61 57 0 295 293 293 299 304 305 316 322 317 318 306 306 303 321 334 328 315 310 313 300 294 287 286 289 289 291 292 265 225 180 176 165 119 108 105 107
18 294 232 223 231 235 263 297 324 329 328 325 326 320 320 305 279 266 224 218 220 196 169 188 174 161 257 285 286 207 191 204 211 229 236 236 282 282 285 291 287 297 310 323 336 3 26 58 60 60 54 51 48 48 61 69 69 71 71 59 7 299 291 292 295 283 296 314 323 319 308 296 307 315 327 330 318 299 299 304 296 289 285 294 293 286 275 255 185 163 179 182 144 115 116 92
20 24 358 238 263 273 292 311 289 306 317 296 309 317 317 219 228 232 216 220 220 183 166 180 172 184 267 268 250 201 186 187 199 259 278 283 314 307 295 287 284 283 295 314 321 0 45 68 59 56 56 55 54 50 57 67 75 77 61 50 9 299 287 284 280 262 267 285 305 300 311 306 316 322 322 323 336 331 314 304 314 301 295 316 315 313 291 258 155 154 176 182 165 165 170 157
20 17 30 37 40 295 270 276 261 268 283 273 281 283 248 201 225 225 216 226 216 178 161 161 167 186 246 241 225 192 190 198 224 299 307 312 314 322 315 294 292 286 288 299 254 246 233 111 63 50 52 54 53 51 57 69 74 71 45 36 13 301 280 273 265 259 259 259 266 272 290 308 316 320 331 329 345 342 333 324 331 323 317 323 325 334 330 77 133 138 150 167 175 172 181 183
18 12 30 41 53 23 266 261 252 254 264 266 261 225 180 221 238 238 218 209 216 210 201 167 168 220 231 216 203 211 232 268 291 310 312 315 318 312 312 318 297 286 270 261 223 221 219 282 43 46 50 59 55 55 62 70 69 58 34 33 33 21 315 275 267 276 275 269 266 282 287 292 301 307 330 339 345 345 342 337 336 336 331 328 322 323 345 145 136 130 141 149 163 173 186 191
5 10 31 47 63 57 269 255 257 264 268 268 253 237 189 198 231 229 205 200 209 211 201 184 203 240 205 203 204 211 306 311 311 310 311 311 311 294 291 298 247 239 229 228 228 238 248 282 29 59 62 61 59 61 61 68 70 63 35 31 36 31 341 281 274 276 302 297 284 292 285 282 287 295 313 313 306 330 341 344 343 337 332 328 321 309 141 153 142 131 133 130 145 170 188 194
356 19 44 58 70 70 67 311 263 259 262 260 232 215 187 216 224 217 196 198 210 212 218 221 237 227 203 202 227 266 308 309 307 280 291 299 303 258 254 250 220 216 214 221 255 263 269 288 270 10 64 55 58 62 64 66 65 52 33 33 39 41 4 293 288 295 307 312 302 303 295 290 289 282 281 286 285 304 325 340 335 334 331 326 193 153 149 151 146 138 138 125 118 124 133 182
358 6 37 60 69 74 71 50 267 253 248 240 225 211 201 213 211 204 192 208 208 217 221 225 223 216 236 270 294 302 270 265 271 248 261 266 262 226 225 223 220 232 229 227 270 271 269 267 244 248 54 45 53 57 62 64 64 48 33 34 45 50 12 12 298 291 287 296 304 281 284 285 285 268 270 275 285 287 301 322 290 303 304 290 185 171 159 156 144 143 137 135 123 114 133 169
353 20 51 67 74 76 73 63 0 258 238 229 227 214 214 212 205 201 195 209 228 234 232 225 227 228 326 314 302 288 216 228 239 248 251 251 234 227 232 233 232 273 267 266 270 262 257 252 236 237 0 45 51 54 57 59 59 59 45 14 30 48 55 14 301 288 276 272 276 281 263 266 267 264 266 271 278 274 274 272 238 237 237 212 169 173 169 156 149 147 140 147 145 126 126 163
354 37 62 70 75 73 66 46 27 23 3 240 260 228 213 211 203 200 195 228 237 233 227 272 294 313 319 300 249 249 196 222 240 250 261 241 224 253 266 274 277 281 277 274 239 238 241 238 250 250 269 269 319 50 55 56 57 55 37 6 28 49 60 15 305 285 267 254 253 256 261 262 262 279 276 272 272 264 255 245 245 247 233 180 145 166 174 163 165 160 149 151 161 149 149 139
1 46 46 65 71 72 61 42 27 31 30 11 13 256 211 207 213 207 206 289 246 242 252 265 279 293 303 222 187 182 226 258 269 270 244 227 234 271 280 286 285 252 250 244 239 226 237 246 266 267 267 273 284 45 58 55 56 52 28 6 35 59 60 15 307 284 300 278 262 257 271 278 280 286 282 275 269 257 247 243 245 275 253 144 115 140 163 168 159 168 162 146 149 163 157 139
6 31 53 66 72 60 36 24 24 32 30 24 29 33 26 219 350 350 329 354 15 327 261 260 265 262 248 192 173 182 271 273 271 263 232 241 259 269 265 265 258 230 236 233 226 249 262 266 252 253 255 263 262 23 56 55 50 43 21 23 23 54 71 70 6 315 325 313 288 272 285 283 286 277 275 270 264 257 257 266 273 287 287 0 112 103 110 133 119 149 151 127 133 147 145 130
20 31 87 81 75 37 16 19 26 33 31 31 34 33 34 21 6 0 343 354 32 37 276 268 249 226 210 188 189 236 274 268 254 254 240 258 272 273 254 240 228 235 241 236 235 263 266 260 242 247 248 256 244 245 245 58 49 46 38 35 46 68 77 65 350 320 330 334 324 301 311 294 283 277 272 272 270 271 268 273 282 294 291 147 124 105 96 98 92 108 123 127 107 119 126 115
65 83 98 89 68 40 16 11 20 42 42 37 34 45 34 10 6 0 337 357 32 41 19 337 236 212 198 340 174 239 264 256 246 237 271 276 273 264 238 229 227 249 250 245 251 247 246 242 257 259 259 254 236 239 245 326 18 36 33 42 52 65 75 53 335 318 323 333 335 335 336 332 320 301 310 290 280 295 289 289 291 297 0 143 140 118 103 93 103 101 103 103 110 117 118 128
90 98 51 60 61 13 9 17 30 62 59 51 46 45 17 353 8 3 331 349 18 18 40 47 39 319 304 7 24 326 267 253 248 258 265 262 249 242 239 239 244 249 249 248 242 241 248 254 257 264 253 242 235 244 252 274 323 28 36 50 56 61 67 65 47 326 309 313 324 332 331 335 336 331 335 316 304 317 305 298 297 286 146 152 140 165 143 126 135 122 114 111 125 129 130 134
79 60 42 52 39 13 17 32 50 77 58 40 43 39 357 357 342 9 17 332 315 2 38 47 44 348 328 351 27 24 287 288 257 260 246 239 239 229 233 242 245 248 234 233 233 259 268 272 271 240 228 228 252 256 262 271 272 272 10 42 58 62 64 64 49 322 302 303 310 321 315 325 336 342 338 327 324 317 316 316 307 306 146 153 165 177 165 146 146 135 125 123 131 126 129 134
46 31 54 45 19 8 43 62 76 90 63 9 17 56 36 344 349 15 35 339 303 350 38 50 54 6 301 293 15 31 31 27 14 277 304 250 229 221 238 240 235 233 233 240 248 272 272 265 253 222 221 221 264 268 269 269 254 253 267 45 60 64 65 60 50 324 300 293 292 302 303 312 327 327 329 334 332 333 331 323 316 138 147 150 163 176 176 158 155 146 136 132 137 125 125 121
32 38 49 49 23 7 56 81 91 64 11 344 25 61 9 343 349 30 52 340 291 331 51 60 66 60 37 336 275 313 15 29 30 11 304 336 286 241 278 240 229 228 257 269 273 260 253 247 236 233 239 251 264 265 260 256 248 250 254 0 53 65 64 55 43 332 300 304 291 286 293 294 295 307 310 324 330 335 327 324 333 131 145 141 148 164 178 168 168 165 154 143 150 149 144 131
30 33 38 34 17 17 82 86 79 35 351 345 55 31 347 344 1 56 56 69 324 293 323 58 65 59 46 28 287 276 330 11 30 18 0 1 355 346 2 2 309 249 273 265 264 238 233 231 229 258 267 272 270 250 243 243 256 260 268 302 46 46 64 63 57 40 342 313 302 293 292 294 290 294 297 304 314 324 326 5 119 125 125 146 151 155 158 174 176 174 164 154 158 156 157 145
25 31 26 29 31 53 65 56 51 35 353 9 9 37 5 337 346 52 77 74 322 304 337 53 54 43 37 28 3 267 273 312 16 16 14 5 6 4 10 14 13 319 284 255 245 238 239 245 251 256 254 257 256 250 248 248 263 261 263 267 252 7 62 63 54 38 350 314 305 300 296 299 300 296 298 297 297 301 302 341 99 117 117 132 156 148 154 171 180 175 173 166 161 160 163 156
23 24 26 32 45 61 57 48 49 51 10 2 25 32 344 330 355 75 82 66 322 307 347 53 40 33 34 34 43 41 288 285 298 344 1 2 8 9 10 22 26 1 335 254 241 239 249 255 258 247 243 245 250 258 261 264 263 250 250 250 243 250 57 61 48 33 358 316 295 296 296 290 296 303 302 300 298 297 293 95 107 114 99 101 125 104 127 157 174 169 173 173 171 153 153 160
10 18 21 27 40 54 47 46 57 48 5 14 38 17 334 336 27 83 79 45 318 317 304 353 30 34 35 38 50 52 327 289 290 312 341 354 11 15 19 23 26 24 12 12 335 263 271 250 248 247 249 253 256 251 253 254 252 242 244 244 248 254 358 55 46 43 29 20 344 294 285 284 285 291 299 290 294 294 287 109 106 103 102 92 90 97 90 97 123 124 150 163 164 77 73 62
