FireInput/terrain.asc
ncols        299
nrows        265
xllcorner    460156.000000000000
yllcorner    4612006.000000000000
cellsize     30.000000000000
NODATA_value  -9999
[rows 129 to 171 of 265, columns 0 to 95 of 299]
93 80 80 92 89 90 96 111 109 107 105 95 333 304 310 309 308 302 302 303 310 320 307 307 291 300 96 103 108 102 105 101 90 91 90 87 63 60 59 56 48 45 63 358 358 356 33 32 8 348 346 341 340 336 335 344 4 74 90 90 81 109 106 108 105 101 101 105 113 126 142 151 162 163 175 165 137 124 124 114 118 125 129 89 102 119 116 116 124 124 115 0 299 296 298 302
97 98 96 116 115 113 112 112 110 110 107 70 315 308 316 314 311 311 310 304 300 307 325 324 306 357 92 98 100 84 81 84 89 83 75 68 71 71 71 78 63 59 53 346 344 357 26 13 3 353 345 340 338 335 342 353 29 106 105 113 113 127 128 121 112 104 102 106 111 115 130 152 168 163 167 167 146 120 112 105 102 102 94 75 82 88 107 110 116 113 104 300 297 302 303 303
95 105 112 116 116 114 113 107 106 109 104 94 345 314 317 316 314 312 317 307 300 307 322 330 324 66 91 91 87 66 63 77 83 90 80 72 85 86 87 78 48 54 26 334 340 355 8 0 356 350 345 340 336 337 347 15 0 114 129 117 122 138 141 136 118 114 106 109 108 101 111 145 167 163 164 164 167 159 128 128 116 102 81 102 104 104 106 107 110 108 0 301 300 302 311 311
94 103 108 114 105 105 106 100 100 101 103 30 322 316 314 313 315 317 325 315 304 307 321 330 341 100 100 97 88 82 68 71 83 84 80 83 100 96 85 60 57 48 351 324 327 340 354 341 341 341 337 344 340 337 31 99 135 143 143 133 134 143 150 154 137 126 113 112 115 115 106 113 138 158 158 161 157 161 148 132 122 105 95 109 108 106 102 104 112 113 298 298 301 304 311 318
96 96 97 97 93 97 99 94 96 99 96 331 318 316 314 315 318 324 328 320 320 310 315 324 337 107 111 105 95 92 79 79 83 73 82 95 102 96 75 53 63 12 12 333 315 302 308 295 318 327 337 342 340 343 61 102 128 144 145 139 139 141 156 156 165 155 131 117 116 131 126 124 133 143 149 153 137 145 142 111 100 96 104 107 108 108 106 105 103 110 0 296 299 304 303 304
105 104 98 93 98 98 96 94 95 95 78 316 316 316 316 313 314 320 329 329 324 315 316 326 50 107 116 109 102 94 78 73 73 79 91 100 93 86 74 75 45 12 349 333 323 285 274 289 303 313 329 344 351 7 84 100 114 114 119 136 136 135 140 160 169 151 131 120 122 135 133 127 114 120 120 125 97 113 113 116 91 90 101 108 106 108 110 115 106 106 294 293 296 301 273 247
109 110 106 101 105 98 94 94 96 96 91 327 311 316 316 309 309 320 331 331 325 318 309 0 113 118 118 110 105 97 97 82 74 89 89 93 88 74 57 54 27 11 353 344 339 308 278 301 304 308 325 328 345 357 97 94 95 103 111 125 131 132 141 161 164 146 131 123 125 112 114 110 62 61 51 54 65 79 92 97 92 106 112 104 103 104 110 115 109 105 288 286 286 285 248 231
109 118 118 120 120 104 96 95 99 98 89 311 314 321 318 310 308 321 331 330 321 315 270 129 129 120 121 117 111 108 104 94 90 100 97 93 88 54 33 29 31 32 11 343 349 349 354 333 314 312 315 326 351 71 97 93 93 100 105 115 124 130 151 163 157 146 146 129 114 76 63 59 62 40 34 43 66 77 82 86 89 101 108 92 96 101 108 106 106 109 107 273 273 265 225 214
119 122 123 124 109 104 100 98 102 98 71 312 318 324 323 311 308 318 318 318 319 315 266 174 129 120 118 115 111 117 121 113 100 110 103 90 76 25 17 17 20 30 31 15 353 348 353 337 327 325 322 0 149 121 104 100 99 101 102 108 108 119 126 158 162 149 141 122 98 69 53 51 48 38 33 47 67 71 73 77 79 84 84 70 81 89 93 93 101 104 124 264 257 240 218 211
122 120 117 114 101 103 103 102 103 92 350 312 315 316 321 320 311 307 311 304 305 306 139 149 126 117 115 115 114 117 137 146 115 125 109 78 55 20 18 16 20 28 28 14 351 344 345 337 339 331 315 181 176 146 146 130 110 104 106 100 102 112 108 142 154 149 127 114 96 111 96 81 63 39 39 58 106 79 67 67 68 66 65 70 78 85 88 90 96 97 0 258 244 228 215 211
119 107 102 97 99 99 103 105 105 100 63 325 318 313 315 316 311 307 306 308 304 327 111 133 120 113 102 102 109 115 117 141 147 93 45 22 21 16 18 17 21 26 27 15 351 339 337 340 340 6 0 152 179 191 174 155 130 115 111 96 95 99 92 112 132 135 121 120 116 141 141 136 130 178 178 140 160 135 83 71 78 67 65 70 80 81 85 81 86 89 0 0 243 234 213 212
109 102 96 92 92 103 106 107 102 87 345 320 319 314 314 313 312 315 317 324 323 323 57 101 109 102 89 86 88 100 100 119 120 19 6 7 12 14 17 19 21 21 21 26 13 352 336 329 3 87 121 122 160 190 184 168 145 126 111 94 88 87 85 91 91 101 108 123 135 149 150 150 159 182 173 164 160 180 145 92 104 96 91 84 84 84 79 75 71 72 73 53 225 220 213 215
101 100 97 95 98 110 106 105 90 28 327 320 318 312 311 311 313 317 323 332 336 4 82 86 86 91 88 87 86 91 62 45 30 19 3 6 6 11 15 18 22 17 15 22 9 353 335 324 38 81 99 122 132 173 181 173 153 134 134 122 90 83 86 85 83 91 110 122 136 149 139 148 170 169 165 167 176 192 180 180 152 135 131 121 112 90 79 75 67 63 60 47 40 0 209 228
97 95 103 111 113 112 102 99 54 54 344 327 326 316 311 311 315 320 325 332 348 51 83 72 73 85 81 81 76 68 45 39 20 11 3 3 7 12 18 21 21 12 15 17 12 1 337 325 58 84 94 107 101 109 140 145 167 158 142 138 90 85 92 88 86 94 110 115 122 133 112 129 161 138 151 152 163 174 189 182 161 152 146 135 105 86 76 72 66 61 55 46 41 41 41 57
91 92 103 103 117 107 101 95 90 6 332 329 331 316 311 311 313 318 325 335 8 65 78 66 66 70 78 48 43 45 37 29 12 6 1 1 6 12 20 23 16 12 17 18 12 17 17 353 5 73 91 97 99 100 111 116 142 152 153 162 117 98 92 99 97 101 106 106 106 106 101 103 113 124 136 139 150 150 171 173 161 153 146 129 94 87 81 73 82 71 64 64 55 48 51 51
92 90 95 99 105 92 90 86 72 348 337 338 341 319 311 310 312 317 317 321 335 27 70 76 72 78 68 18 27 36 32 21 9 3 6 4 6 12 22 22 23 15 11 13 18 22 21 7 42 84 96 99 97 99 102 95 102 123 152 152 140 140 116 113 112 108 102 100 100 101 119 118 117 122 132 138 137 127 135 147 151 120 120 117 113 118 109 96 104 89 75 77 70 56 51 42
89 90 98 98 94 87 85 72 40 348 347 353 359 345 324 312 305 312 315 321 338 36 73 80 78 64 32 9 27 37 28 16 8 8 12 15 11 6 13 19 19 14 11 10 16 23 24 18 79 96 98 95 101 100 96 96 84 83 96 98 118 130 120 110 110 104 100 101 105 114 119 121 120 122 116 133 133 137 120 108 104 76 71 92 106 118 121 115 105 100 90 77 64 39 36 38
85 91 93 93 90 86 86 63 34 358 351 354 359 340 324 309 299 305 309 316 342 38 75 85 60 12 2 358 13 32 37 19 13 12 22 21 14 7 14 19 16 12 12 12 15 25 30 43 79 97 101 103 110 108 104 95 79 76 83 83 90 101 108 92 95 97 100 107 110 114 105 106 109 107 92 99 121 98 95 85 81 69 71 90 106 102 108 109 95 95 90 78 50 33 19 29
84 86 93 91 91 88 52 14 3 359 359 0 356 327 315 302 294 296 302 316 347 347 54 91 77 4 351 4 26 38 33 12 12 20 28 22 11 7 16 20 14 13 15 15 18 33 35 51 81 105 107 112 117 113 105 93 79 79 80 95 97 97 93 73 73 78 95 103 104 105 115 113 110 100 98 91 90 55 66 71 73 84 94 102 101 106 106 101 97 83 74 62 30 16 18 44
94 94 103 103 100 88 7 356 357 17 14 3 342 307 302 302 298 294 290 295 306 358 79 91 35 338 345 15 40 41 27 5 11 23 31 22 10 10 12 18 22 17 17 20 25 56 64 85 100 110 115 120 109 103 96 87 92 94 94 93 105 101 93 76 71 79 93 100 104 112 119 116 115 110 82 65 52 55 41 59 59 90 106 114 113 127 122 112 62 55 54 46 19 12 27 44
111 104 114 110 81 39 358 354 4 26 45 35 2 321 306 302 309 301 290 290 305 45 92 89 346 331 342 30 47 33 14 2 0 10 30 31 22 13 19 22 25 22 23 26 38 88 98 105 108 111 116 115 103 94 90 88 90 96 102 106 91 83 78 84 92 96 97 109 110 115 99 91 90 90 65 66 62 58 26 35 66 114 128 137 132 94 85 77 39 49 56 45 14 20 42 42
122 114 112 112 70 20 5 1 3 41 47 33 3 341 331 321 309 327 314 301 326 61 85 65 336 336 336 8 45 47 20 353 354 13 30 32 25 18 27 30 31 26 39 50 73 109 109 116 114 109 107 110 103 93 93 90 86 94 98 96 75 70 76 97 108 111 108 124 125 117 109 73 65 63 73 73 62 41 21 65 97 90 73 82 96 29 33 37 39 49 57 52 17 24 42 65
132 125 104 56 1 1 4 8 21 43 34 16 358 345 342 341 333 345 340 340 350 356 64 71 347 333 344 16 30 26 10 1 359 20 33 52 40 28 51 52 52 49 97 104 106 120 118 120 115 107 100 96 94 86 83 82 84 92 94 86 79 79 79 96 104 113 120 125 122 110 92 78 72 71 61 42 17 11 70 98 102 20 23 23 24 19 27 35 41 61 54 30 20 45 65 80
111 112 60 357 351 358 5 21 38 43 13 359 351 345 344 346 351 348 353 357 11 30 68 55 329 328 348 16 13 16 13 32 33 51 51 113 108 92 141 101 93 93 129 133 130 120 121 120 114 104 92 86 87 86 74 74 81 85 88 87 80 86 93 96 111 115 123 97 92 89 86 83 76 70 36 22 6 6 126 122 102 54 10 18 17 21 37 47 55 62 37 14 42 64 72 77
96 93 60 347 347 353 20 20 53 56 5 351 347 337 340 350 353 343 357 7 11 52 67 36 318 321 342 7 351 357 16 71 78 90 106 140 150 157 141 149 128 124 136 136 130 123 121 120 115 118 106 95 92 100 95 83 81 98 85 78 99 106 110 111 111 105 102 77 85 91 91 53 37 34 35 53 53 92 133 104 37 7 11 13 13 23 48 60 65 52 24 18 18 72 82 81
97 97 75 4 349 345 2 51 62 36 344 341 338 330 336 354 351 342 355 12 28 69 69 68 16 321 319 332 344 352 38 100 103 115 129 149 167 188 189 171 151 139 147 147 140 128 126 125 123 124 118 110 104 107 116 121 110 126 110 98 136 132 126 120 104 104 83 72 75 77 71 40 34 25 38 119 126 137 32 11 0 1 7 5 8 40 40 67 73 69 44 32 45 97 103 101
113 91 39 10 358 353 15 37 24 354 336 339 336 330 337 355 355 355 348 0 30 75 77 67 9 336 334 340 3 31 90 100 114 126 137 143 163 163 191 196 183 168 168 163 152 133 135 130 128 124 130 122 111 95 106 129 135 143 147 147 148 147 142 134 116 96 77 72 63 53 43 83 106 135 127 126 107 81 2 2 2 6 9 4 5 12 69 84 81 61 50 59 81 107 115 115
97 40 18 22 9 4 13 11 354 338 332 334 342 342 333 339 356 1 5 26 59 65 64 52 2 348 351 358 39 76 102 102 114 128 138 148 137 151 185 194 187 177 176 177 166 146 142 135 133 134 133 120 104 98 77 80 96 92 121 142 117 125 126 123 78 75 76 70 54 54 63 115 124 138 138 65 51 31 357 0 10 16 4 6 16 34 85 88 77 59 64 79 96 109 118 118
41 10 24 28 28 8 6 3 349 338 326 329 344 347 331 336 356 10 28 47 61 48 46 32 2 0 352 359 42 66 85 102 120 136 151 163 146 148 178 192 187 177 176 181 171 154 148 148 142 141 154 142 124 128 99 86 83 90 90 103 117 92 94 88 50 54 58 52 60 76 94 98 70 60 64 38 29 7 357 0 15 15 2 14 36 61 88 79 65 68 75 81 90 105 110 117
66 1 13 38 28 5 2 350 337 329 324 326 342 346 332 334 353 10 40 40 52 48 36 31 19 2 359 11 76 83 90 104 122 133 157 163 147 146 172 191 191 191 176 176 176 169 163 156 150 151 177 164 145 128 135 124 106 115 86 81 85 111 111 88 74 46 52 57 111 114 107 98 27 36 39 42 30 358 348 0 9 6 13 13 48 78 95 78 69 68 99 99 101 108 112 117
11 350 18 27 24 8 355 341 330 325 323 327 341 341 337 335 338 354 26 46 55 43 27 18 12 13 21 49 97 101 105 115 114 115 137 137 104 121 128 122 182 197 181 175 171 167 165 162 157 165 195 190 166 143 137 141 141 160 160 131 114 139 142 125 172 141 96 96 126 107 75 41 33 43 45 41 27 27 355 344 356 0 31 91 111 111 132 111 100 98 117 111 108 112 113 113
347 350 14 16 21 10 353 351 341 333 327 323 326 337 332 339 347 5 47 57 55 34 20 13 12 35 55 81 81 106 110 112 93 83 78 84 82 96 104 114 155 194 186 168 165 166 165 166 167 180 191 206 205 180 146 136 143 164 169 157 143 123 132 152 172 164 152 136 75 39 34 34 43 52 57 45 43 27 352 339 351 0 31 132 134 138 158 153 146 130 128 119 113 116 112 109
340 340 347 350 5 14 6 348 344 338 332 325 325 331 333 342 0 26 61 50 44 30 30 22 18 54 74 89 98 103 104 100 82 74 73 74 107 110 111 107 129 180 184 162 162 157 159 152 164 175 193 203 202 180 149 139 146 161 162 151 136 47 77 122 165 78 115 128 25 17 16 32 58 60 56 39 42 24 345 345 10 108 129 138 142 153 160 160 162 157 148 132 122 115 111 104
351 343 344 350 357 358 353 344 344 342 335 330 329 330 340 352 352 21 69 59 32 31 40 39 40 93 103 106 104 97 97 91 96 101 106 106 102 102 102 103 72 86 139 144 158 154 149 143 158 177 176 192 195 176 148 145 150 161 45 45 27 30 54 61 60 37 41 35 26 23 27 49 45 47 46 39 36 16 348 31 112 112 136 127 136 146 145 154 161 159 148 135 122 115 106 99
344 345 343 347 355 353 346 344 339 339 339 332 332 333 343 356 19 52 79 59 28 31 68 68 75 108 110 106 100 90 91 93 83 91 102 109 71 65 63 67 63 72 95 92 129 150 148 147 162 169 157 178 187 187 157 148 148 145 355 356 6 51 54 42 35 34 34 29 24 27 31 40 26 32 36 36 41 39 16 24 82 105 119 108 124 141 133 142 155 157 138 131 117 111 99 96
342 340 339 347 342 353 355 0 351 338 334 330 332 335 343 23 49 74 86 70 53 60 90 92 101 109 109 107 99 92 86 83 83 75 80 81 77 69 62 61 74 72 76 71 86 117 144 108 139 165 166 149 162 172 152 142 0 0 353 1 21 39 26 21 27 32 32 27 24 22 25 26 26 24 29 37 61 52 27 111 101 94 97 106 115 130 133 133 143 144 122 120 119 109 90 87
349 344 334 333 334 348 359 0 357 348 335 332 334 340 359 53 72 85 87 78 78 73 90 95 103 108 110 108 101 100 89 79 74 78 77 78 108 119 106 86 98 98 80 73 70 73 82 95 113 147 158 144 150 158 36 348 348 350 0 21 42 39 4 4 11 14 27 28 24 24 26 28 45 42 49 60 91 80 86 111 124 109 104 117 117 121 130 132 129 128 112 104 100 96 78 79
350 347 335 330 330 343 356 359 1 357 339 339 339 351 351 73 84 86 87 83 81 86 109 107 111 113 115 114 110 117 105 94 85 100 93 93 100 109 132 142 154 135 101 82 93 88 89 112 114 131 146 113 114 108 352 345 345 350 14 20 52 48 345 348 358 347 17 25 24 37 42 46 120 127 124 109 109 98 98 115 143 144 136 128 122 127 134 128 126 126 96 84 78 78 82 85
350 347 339 331 323 333 346 355 347 357 358 355 355 356 31 102 105 95 87 84 90 105 135 126 123 121 127 128 126 140 135 125 119 129 120 109 100 105 117 142 149 153 135 112 132 118 112 120 109 101 101 60 56 40 15 353 359 8 38 36 48 21 344 344 337 317 351 16 30 90 106 114 114 147 150 146 126 105 97 112 142 152 144 124 118 120 127 102 102 105 96 76 78 78 93 94
346 344 344 342 332 316 318 331 335 343 351 1 22 46 86 118 117 101 90 99 114 130 146 146 135 132 137 138 140 145 142 135 133 135 128 119 107 108 104 118 125 148 151 146 150 142 131 112 91 74 62 52 45 22 357 0 22 38 56 35 27 4 345 353 328 310 310 317 12 119 125 135 141 147 152 145 74 93 104 117 126 146 138 119 106 100 101 87 87 83 78 84 91 94 86 90
330 334 341 343 338 324 318 325 326 327 337 1 96 104 112 131 136 136 121 133 127 137 156 148 139 137 146 147 146 145 144 139 137 139 135 128 119 120 120 108 112 115 130 144 139 134 124 112 52 50 52 61 47 1 344 12 49 64 53 33 33 11 335 354 10 345 257 247 146 135 132 134 140 140 135 0 62 91 103 109 95 95 117 126 100 93 89 79 80 78 78 56 67 79 61 67
327 325 334 342 338 331 326 326 324 320 320 320 109 121 122 130 143 157 150 153 145 149 156 147 143 144 151 152 151 149 145 142 142 148 148 143 136 138 130 121 112 118 124 133 128 112 88 63 53 50 57 77 23 329 329 316 23 58 62 46 37 336 340 11 36 33 185 194 155 131 128 129 134 0 3 3 16 88 90 90 78 79 87 97 89 87 82 60 61 61 57 23 40 53 61 53
323 313 326 337 337 332 333 333 334 331 336 0 114 123 127 133 148 166 165 161 156 156 154 150 150 150 151 150 150 151 150 148 146 148 153 150 143 146 139 131 121 126 126 129 102 71 56 52 70 74 74 92 55 345 309 304 3 35 43 52 14 338 2 64 94 123 157 164 143 125 123 121 117 68 0 0 0 142 103 84 88 82 81 86 82 67 60 59 58 50 50 13 11 45 57 66
